Animal,Sex,Phe
80001,1,4.750822067261
80002,2,2.986477851868
80003,1,2.22000837326
80004,2,4.70512008667
80005,1,2.912269592285
80006,2,3.27165555954
80007,1,4.944196224213
80008,2,3.620407581329
80009,1,4.147550582886
80010,2,3.336996793747
80011,1,5.62214756012
80012,2,4.279530525208
80013,1,3.392190217972
80014,2,5.725741386414
80015,1,4.338013648987
80016,2,4.084896564484
80017,1,3.718120098114
80018,2,2.864268541336
80019,1,1.564792633057
80020,2,2.823278665543
80021,1,5.315836906433
80022,2,4.260947227478
80023,1,5.105650901794
80024,2,1.790780544281
80025,1,3.418494701385
80026,2,2.969703435898
80027,1,3.55487203598
80028,2,1.158035993576
80029,1,5.347400665283
80030,2,3.830676317215
80031,1,3.389277935028
80032,2,4.054780960083
80033,1,4.757363319397
80034,2,5.0532746315
80035,1,2.774845123291
80036,2,4.24282169342
80037,1,3.332047462463
80038,2,2.588408708572
80039,1,2.242402076721
80040,2,1.918803930283
80041,1,6.094118118286
80042,2,3.482045888901
80043,1,3.534403324127
80044,2,3.117983341217
80045,1,3.894689798355
80046,2,4.636183261871
80047,1,1.861086010933
80048,2,2.306173324585
80049,1,2.518562078476
80050,2,5.171781539917
80051,1,1.875691890717
80052,2,2.762113332748
80053,1,3.304175615311
80054,2,2.222365856171
80055,1,6.426965713501
80056,2,3.478452205658
80057,1,3.125690221786
80058,2,6.005949497223
80059,1,3.488049983978
80060,2,2.188018798828
80061,1,3.575400352478
80062,2,2.408881902695
80063,1,5.022470474243
80064,2,1.940789341927
80065,1,1.130162596703
80066,2,3.974003314972
80067,1,3.419122695923
80068,2,2.922720909119
80069,1,4.301208496094
80070,2,1.511382222176
80071,1,2.687210798264
80072,2,5.115372180939
80073,1,2.229145765305
80074,2,3.944280147552
80075,1,2.840116500854
80076,2,2.217455387115
80077,1,3.718253135681
80078,2,3.589678525925
80079,1,3.082975387573
80080,2,2.832468748093
80081,1,3.166617393494
80082,2,5.457346916199
80083,1,2.998938083649
80084,2,4.31552028656
80085,1,3.510279893875
80086,2,5.535674095154
80087,1,3.697630167007
80088,2,1.779897451401
80089,1,4.981722354889
80090,2,4.807524681091
80091,1,1.452400445938
80092,2,1.583026409149
80093,1,3.402965784073
80094,2,4.972557067871
80095,1,4.680495738983
80096,2,3.791311264038
80097,1,1.152994990349
80098,2,2.988473892212
80099,1,4.936282157898
80100,2,2.655798912048
80101,1,1.446902513504
80102,2,3.689945936203
80103,1,4.430561065674
80104,2,3.440104484558
80105,1,1.368439793587
80106,2,2.774273633957
80107,1,2.410619258881
80108,2,3.168860673904
80109,1,1.737603545189
80110,2,3.288925170898
80111,1,1.232751846313
80112,2,3.059189558029
80113,1,2.706261634827
80114,2,3.125588417053
80115,1,3.877074718475
80116,2,1.656912446022
80117,1,2.318635463715
80118,2,0.764276623726
80119,1,2.534801721573
80120,2,3.461699724197
80121,1,3.328847169876
80122,2,2.372172355652
80123,1,4.44701385498
80124,2,3.393503665924
80125,1,3.230563163757
80126,2,3.685355424881
80127,1,4.328838348389
80128,2,4.721541881561
80129,1,3.040672063828
80130,2,3.95245552063
80131,1,3.01541018486
80132,2,3.706245183945
80133,1,3.773391723633
80134,2,0.61305308342
80135,1,6.971716880798
80136,2,1.554847955704
80137,1,4.572254180908
80138,2,3.545007944107
80139,1,1.96783554554
80140,2,1.031788706779
80141,1,2.775311231613
80142,2,3.872962474823
80143,1,3.198074817657
80144,2,0.845964670181
80145,1,4.773818016052
80146,2,2.419816970825
80147,1,3.847113370895
80148,2,4.326221466064
80149,1,5.916797637939
80150,2,1.597881436348
80151,1,3.570601940155
80152,2,3.940000534058
80153,1,3.965849399567
80154,2,2.452198028564
80155,1,4.283925533295
80156,2,4.893332958221
80157,1,3.239919424057
80158,2,2.983926057816
80159,1,4.634520053864
80160,2,2.996236801147
80161,1,1.733172893524
80162,2,2.640690326691
80163,1,2.48606300354
80164,2,3.735106468201
80165,1,3.051442861557
80166,2,4.043606281281
80167,1,4.5569190979
80168,2,2.473274707794
80169,1,3.576279401779
80170,2,5.202926158905
80171,1,1.826881289482
80172,2,2.363713026047
80173,1,1.533981323242
80174,2,3.283540248871
80175,1,4.639061450958
80176,2,3.811695098877
80177,1,2.343881130219
80178,2,2.744682073593
80179,1,4.205137252808
80180,2,5.129953861237
80181,1,4.687017917633
80182,2,4.125462532043
80183,1,3.596145391464
80184,2,4.192005634308
80185,1,4.011361122131
80186,2,4.9309425354
80187,1,2.685327529907
80188,2,2.27441740036
80189,1,3.440938711166
80190,2,2.73695230484
80191,1,4.341226100922
80192,2,2.076576709747
80193,1,4.523313045502
80194,2,2.663284778595
80195,1,2.928572416306
80196,2,3.365492343903
80197,1,4.621477127075
80198,2,3.303245544434
80199,1,5.857328414917
80200,2,3.202728033066
80201,1,1.337813138962
80202,2,2.141073942184
80203,1,4.933285713196
80204,2,3.110100984573
80205,1,3.202896356583
80206,2,4.313344955444
80207,1,3.655612945557
80208,2,5.328834533691
80209,1,3.153282880783
80210,2,2.752112627029
80211,1,0.915981173515
80212,2,1.198688626289
80213,1,4.640991687775
80214,2,2.741639375687
80215,1,3.10014629364
80216,2,5.129825592041
80217,1,0.540336847305
80218,2,1.511061906815
80219,1,4.233568191528
80220,2,3.679972648621
80221,1,2.470681190491
80222,2,1.901338815689
80223,1,4.945645332336
80224,2,4.658913612366
80225,1,5.485353946686
80226,2,0.643977642059
80227,1,1.191828966141
80228,2,1.5610435009
80229,1,3.98952293396
80230,2,4.237074375153
80231,1,2.498895168304
80232,2,1.969558000565
80233,1,1.179270505905
80234,2,3.340607643127
80235,1,3.427096843719
80236,2,5.467737674713
80237,1,1.303146123886
80238,2,2.417660713196
80239,1,3.880736112595
80240,2,3.174762010574
80241,1,4.92683172226
80242,2,1.665752887726
80243,1,2.973452091217
80244,2,3.567400217056
80245,1,3.996056079865
80246,2,3.300491571426
80247,1,4.708959102631
80248,2,5.389034748077
80249,1,4.815232753754
80250,2,2.322162628174
80251,1,4.137553215027
80252,2,4.502866744995
80253,1,1.813019394875
80254,2,6.182832717896
80255,1,3.989162683487
80256,2,3.638319730759
80257,1,2.956606626511
80258,2,3.302600383759
80259,1,3.65590763092
80260,2,1.617847204208
80261,1,4.880193710327
80262,2,3.546172857285
80263,1,2.925384998322
80264,2,-0.588147878647
80265,1,5.770195007324
80266,2,3.596903800964
80267,1,0.486634135246
80268,2,3.944204330444
80269,1,0.280273795128
80270,2,4.132155895233
80271,1,3.22988820076
80272,2,0.80864906311
80273,1,4.044887065887
80274,2,3.446791887283
80275,1,2.573220968246
80276,2,1.395308017731
80277,1,1.135506629944
80278,2,1.603649139404
80279,1,-0.046174049377
80280,2,3.740606069565
80281,1,3.172557830811
80282,2,4.337698936462
80283,1,2.291661977768
80284,2,5.528095245361
80285,1,3.205869913101
80286,2,2.535400390625
80287,1,4.862565517426
80288,2,4.175406455994
80289,1,3.872096538544
80290,2,3.424546957016
80291,1,1.626386761665
80292,2,2.737599849701
80293,1,2.798773765564
80294,2,2.73242354393
80295,1,2.354236602783
80296,2,2.966569662094
80297,1,5.066641807556
80298,2,2.433207273483
80299,1,4.751916408539
80300,2,3.155960083008
80301,1,3.529236793518
80302,2,3.175230026245
80303,1,3.642777442932
80304,2,3.167021989822
80305,1,2.114627361298
80306,2,2.524550676346
80307,1,3.614734172821
80308,2,4.653909683228
80309,1,4.433109760284
80310,2,3.765873432159
80311,1,3.676327228546
80312,2,5.189061641693
80313,1,5.19976234436
80314,2,4.039897441864
80315,1,4.451652050018
80316,2,4.530715465546
80317,1,4.450088024139
80318,2,3.810250759125
80319,1,2.920579433441
80320,2,0.183706521988
80321,1,1.853623151779
80322,2,1.759908080101
80323,1,3.847464323044
80324,2,3.809131860733
80325,1,2.913638353348
80326,2,2.036594390869
80327,1,1.469249486923
80328,2,1.042813062668
80329,1,2.642260313034
80330,2,4.003161430359
80331,1,2.977519989014
80332,2,3.867017507553
80333,1,0.94372856617
80334,2,2.906258106232
80335,1,2.536319494247
80336,2,2.086113452911
80337,1,2.97861456871
80338,2,2.505903244019
80339,1,2.659098625183
80340,2,2.465437173843
80341,1,3.058612346649
80342,2,5.587556838989
80343,1,3.602775096893
80344,2,3.386147260666
80345,1,3.129444122314
80346,2,4.016208171844
80347,1,1.713388204575
80348,2,2.388401269913
80349,1,3.319118738174
80350,2,4.640960693359
80351,1,2.540963172913
80352,2,3.510061979294
80353,1,3.225168466568
80354,2,0.923054933548
80355,1,2.452409982681
80356,2,3.45717716217
80357,1,1.629303693771
80358,2,2.108896970749
80359,1,2.132902145386
80360,2,-0.429957866669
80361,1,3.819443941116
80362,2,4.206302165985
80363,1,2.958179473877
80364,2,2.916307687759
80365,1,2.7882771492
80366,2,0.503485679626
80367,1,2.223041534424
80368,2,5.500902175903
80369,1,5.150938034058
80370,2,4.136177062988
80371,1,5.683692932129
80372,2,4.484817504883
80373,1,2.981547355652
80374,2,3.107397079468
80375,1,4.833757400513
80376,2,0.712458133698
80377,1,2.560488939285
80378,2,3.832033395767
80379,1,2.884675502777
80380,2,4.391631126404
80381,1,2.885877609253
80382,2,2.586174488068
80383,1,3.808671951294
80384,2,2.738445281982
80385,1,2.506193161011
80386,2,2.977852344513
80387,1,3.684693574905
80388,2,3.965351104736
80389,1,3.05554151535
80390,2,3.274710178375
80391,1,1.747148156166
80392,2,4.53185749054
80393,1,2.288325309753
80394,2,0.824796915054
80395,1,2.230488061905
80396,2,3.108393669128
80397,1,3.870955705643
80398,2,5.029810905457
80399,1,2.342493772507
80400,2,2.850917339325
80401,1,3.779368877411
80402,2,4.153201580048
80403,1,3.270625352859
80404,2,1.212141275406
80405,1,3.523758172989
80406,2,2.260440349579
80407,1,0.80185854435
80408,2,4.0341796875
80409,1,2.966380834579
80410,2,5.325033187866
80411,1,1.620280146599
80412,2,0.604661405087
80413,1,3.854062318802
80414,2,3.503955841064
80415,1,2.121724128723
80416,2,4.752923965454
80417,1,1.05278801918
80418,2,0.709088087082
80419,1,3.886915206909
80420,2,4.544679641724
80421,1,0.568507671356
80422,2,3.660151720047
80423,1,3.569670200348
80424,2,3.418478012085
80425,1,4.416356086731
80426,2,5.701372623444
80427,1,3.660803556442
80428,2,2.540374994278
80429,1,2.694427013397
80430,2,2.500823736191
80431,1,2.351784467697
80432,2,3.282027006149
80433,1,2.455478191376
80434,2,2.265876054764
80435,1,2.509689331055
80436,2,3.844464063644
80437,1,3.329471111298
80438,2,3.494988203049
80439,1,5.37625837326
80440,2,4.475082397461
80441,1,3.622272253036
80442,2,3.5756483078
80443,1,3.491688013077
80444,2,2.073537826538
80445,1,2.8821144104
80446,2,1.936367988586
80447,1,2.350546836853
80448,2,1.958906292915
80449,1,1.471031785011
80450,2,2.40966629982
80451,1,2.868757486343
80452,2,1.516035795212
80453,1,3.981938362122
80454,2,2.790835618973
80455,1,3.849933624268
80456,2,2.208555698395
80457,1,2.595139503479
80458,2,3.149616479874
80459,1,2.160679578781
80460,2,3.904718399048
80461,1,1.966735959053
80462,2,3.697645187378
80463,1,0.846063613892
80464,2,5.291693687439
80465,1,3.861662864685
80466,2,3.53006696701
80467,1,2.355710744858
80468,2,4.230752944946
80469,1,1.898500561714
80470,2,3.370928525925
80471,1,3.678577899933
80472,2,1.227780580521
80473,1,2.078848838806
80474,2,2.38441824913
80475,1,4.923087120056
80476,2,3.268965244293
80477,1,4.050321102142
80478,2,1.779251694679
80479,1,5.509174346924
80480,2,4.63431596756
80481,1,1.075430750847
80482,2,2.903138160706
80483,1,4.552072525024
80484,2,1.37074136734
80485,1,2.862250328064
80486,2,3.895750999451
80487,1,2.973690986633
80488,2,4.274452209473
80489,1,2.023983955383
80490,2,3.571781635284
80491,1,1.877014398575
80492,2,2.628211021423
80493,1,2.016478776932
80494,2,1.255373358727
80495,1,4.248712539673
80496,2,5.252781867981
80497,1,5.515083312988
80498,2,0.723474025726
80499,1,2.79069685936
80500,2,3.137367486954
80501,1,2.603900432587
80502,2,2.798181533813
80503,1,3.972761154175
80504,2,3.007817029953
80505,1,4.670699596405
80506,2,3.739977121353
80507,1,4.446241378784
80508,2,3.299675703049
80509,1,1.182103395462
80510,2,3.061009407043
80511,1,2.938705921173
80512,2,2.801414966583
80513,1,5.718360900879
80514,2,2.465683937073
80515,1,3.392221450806
80516,2,1.951066017151
80517,1,2.597834825516
80518,2,3.863476276398
80519,1,4.106320381165
80520,2,2.988721132278
80521,1,2.378271102905
80522,2,4.193245410919
80523,1,3.197856903076
80524,2,4.804649829865
80525,1,4.017675876617
80526,2,2.561361312866
80527,1,3.372208833694
80528,2,3.426300525665
80529,1,4.068758964539
80530,2,0.820023536682
80531,1,6.936163902283
80532,2,1.99369931221
80533,1,-0.754258513451
80534,2,2.507323265076
80535,1,3.101411819458
80536,2,3.248725891113
80537,1,2.821805953979
80538,2,0.997455000877
80539,1,2.882655382156
80540,2,2.08112859726
80541,1,4.916949272156
80542,2,3.278825521469
80543,1,3.608046770096
80544,2,3.912524461746
80545,1,4.941624641418
80546,2,2.199560642242
80547,1,4.399955749512
80548,2,3.360069513321
80549,1,4.544862270355
80550,2,2.605806827545
80551,1,3.035299777985
80552,2,5.126340389252
80553,1,4.747909545898
80554,2,2.631244421005
80555,1,6.089279174805
80556,2,5.672090530396
80557,1,6.344044208527
80558,2,4.545247554779
80559,1,3.308022737503
80560,2,4.761516094208
80561,1,1.514341115952
80562,2,3.580229759216
80563,1,4.715930461884
80564,2,4.181210041046
80565,1,3.298805475235
80566,2,3.672211170197
80567,1,1.915987372398
80568,2,2.410885810852
80569,1,3.944750547409
80570,2,4.387075424194
80571,1,5.055994033813
80572,2,4.747447967529
80573,1,3.594242334366
80574,2,5.078074455261
80575,1,2.773810386658
80576,2,1.590086579323
80577,1,1.946441888809
80578,2,1.428593754768
80579,1,2.038140773773
80580,2,1.463103294373
80581,1,2.232387542725
80582,2,1.488924860954
80583,1,3.869585990906
80584,2,3.416301250458
80585,1,4.394022464752
80586,2,3.333293914795
80587,1,3.037705898285
80588,2,3.093365192413
80589,1,3.216851711273
80590,2,4.98396730423
80591,1,1.792979836464
80592,2,2.681684017181
80593,1,3.533843755722
80594,2,4.064067363739
80595,1,2.761736631393
80596,2,1.807669878006
80597,1,2.376616239548
80598,2,3.409414768219
80599,1,3.009626865387
80600,2,2.203473806381
80601,1,3.469630479813
80602,2,3.126290082932
80603,1,4.357817649841
80604,2,2.079049348831
80605,1,1.410211801529
80606,2,2.919942378998
80607,1,3.637150764465
80608,2,2.125649452209
80609,1,2.520243644714
80610,2,4.994197845459
80611,1,3.284942388535
80612,2,2.133063793182
80613,1,3.35750579834
80614,2,3.31302690506
80615,1,4.182547569275
80616,2,2.456019878387
80617,1,3.252410411835
80618,2,3.971867799759
80619,1,2.973391771317
80620,2,3.8866751194
80621,1,3.466372728348
80622,2,3.714817762375
80623,1,4.076200008392
80624,2,5.060997009277
80625,1,2.24703669548
80626,2,2.869939088821
80627,1,4.896615505219
80628,2,4.192500114441
80629,1,3.035341024399
80630,2,1.20285820961
80631,1,4.057991027832
80632,2,4.492792129517
80633,1,1.594313263893
80634,2,4.964576244354
80635,1,1.916915178299
80636,2,2.886573791504
80637,1,2.070089578629
80638,2,2.585111618042
80639,1,4.442272663116
80640,2,3.862878322601
80641,1,3.726581335068
80642,2,1.883616685867
80643,1,1.906428813934
80644,2,3.520966529846
80645,1,5.280352592468
80646,2,4.362882614136
80647,1,4.00007724762
80648,2,2.068314313889
80649,1,4.33126449585
80650,2,3.242537260056
80651,1,2.286562204361
80652,2,4.982085227966
80653,1,2.503640174866
80654,2,3.344990491867
80655,1,5.253904819489
80656,2,3.020287513733
80657,1,2.426584005356
80658,2,3.705224752426
80659,1,0.328779459
80660,2,2.962161540985
80661,1,0.820021867752
80662,2,2.797323703766
80663,1,0.609485149384
80664,2,3.981569290161
80665,1,4.673335075378
80666,2,4.587157249451
80667,1,3.022640705109
80668,2,3.348912715912
80669,1,4.113484382629
80670,2,2.096070051193
80671,1,3.771180152893
80672,2,4.623719215393
80673,1,2.135950803757
80674,2,2.406078338623
80675,1,5.26539182663
80676,2,2.729208946228
80677,1,3.564056873322
80678,2,2.559584140778
80679,1,4.234855651855
80680,2,3.771453619003
80681,1,3.153443574905
80682,2,2.179998636246
80683,1,1.222050905228
80684,2,1.5789706707
80685,1,2.517181634903
80686,2,2.199489116669
80687,1,2.869349479675
80688,2,3.073246479034
80689,1,4.748073577881
80690,2,2.88153553009
80691,1,3.888408184052
80692,2,3.919892549515
80693,1,1.809675335884
80694,2,1.910539865494
80695,1,3.587120771408
80696,2,2.443341493607
80697,1,2.606159210205
80698,2,2.647384166718
80699,1,1.89901804924
80700,2,5.0221824646
80701,1,3.049970626831
80702,2,3.358395338058
80703,1,4.159863471985
80704,2,4.85192155838
80705,1,3.807525157928
80706,2,3.841678142548
80707,1,3.26709485054
80708,2,2.644840717316
80709,1,4.298691272736
80710,2,1.714561700821
80711,1,1.403025388718
80712,2,1.722862362862
80713,1,1.969546914101
80714,2,4.254223823547
80715,1,1.831484436989
80716,2,1.176869153976
80717,1,3.523426294327
80718,2,4.322164058685
80719,1,2.292089939117
80720,2,1.075619697571
80721,1,2.077726364136
80722,2,1.65775680542
80723,1,2.98699593544
80724,2,2.582200288773
80725,1,3.21729183197
80726,2,0.410596847534
80727,1,3.90228509903
80728,2,3.513767957687
80729,1,5.132247447968
80730,2,2.973277568817
80731,1,2.84715795517
80732,2,1.341437458992
80733,1,5.937256813049
80734,2,3.802919626236
80735,1,2.726143360138
80736,2,3.650685310364
80737,1,3.035053253174
80738,2,3.116559505463
80739,1,2.968177080154
80740,2,1.863734483719
80741,1,2.343373298645
80742,2,2.672920227051
80743,1,3.570481538773
80744,2,2.22812795639
80745,1,3.781410217285
80746,2,-0.325218915939
80747,1,3.566326618195
80748,2,3.0099568367
80749,1,1.477376461029
80750,2,4.185591697693
80751,1,1.841362953186
80752,2,5.306014537811
80753,1,1.838670015335
80754,2,2.273440599442
80755,1,1.347914934158
80756,2,4.927771091461
80757,1,0.787170529366
80758,2,2.50455737114
80759,1,4.866907119751
80760,2,4.928690433502
80761,1,5.008224487305
80762,2,1.781894683838
80763,1,1.910335540771
80764,2,4.402488231659
80765,1,4.8598279953
80766,2,2.01456451416
80767,1,5.041731357574
80768,2,3.067175149918
80769,1,3.630019664764
80770,2,4.898818969727
80771,1,4.142809391022
80772,2,4.34126996994
80773,1,1.909909009933
80774,2,1.072612404823
80775,1,1.974414587021
80776,2,3.27525639534
80777,1,2.566069126129
80778,2,0.030975341797
80779,1,2.991807699203
80780,2,1.320557832718
80781,1,1.541509747505
80782,2,3.955415964127
80783,1,5.578593254089
80784,2,3.779520511627
80785,1,1.623550653458
80786,2,-0.422529935837
80787,1,3.120693683624
80788,2,3.200963020325
80789,1,0.76795810461
80790,2,2.583368778229
80791,1,4.778791427612
80792,2,2.241258144379
80793,1,2.234825849533
80794,2,4.169294834137
80795,1,4.042235851288
80796,2,4.461219787598
80797,1,3.946768522263
80798,2,4.949766159058
80799,1,2.95968580246
80800,2,1.780423879623
80801,1,2.241529464722
80802,2,2.732771396637
80803,1,4.093782901764
80804,2,3.970103025436
80805,1,3.881641864777
80806,2,3.299528598785
80807,1,4.031048774719
80808,2,3.093635320663
80809,1,3.314923763275
80810,2,1.803568005562
80811,1,3.548851251602
80812,2,3.43843460083
80813,1,1.931935787201
80814,2,2.063496112823
80815,1,4.222561836243
80816,2,3.291842937469
80817,1,3.618584156036
80818,2,3.903777599335
80819,1,3.15394282341
80820,2,2.88289308548
80821,1,4.797831535339
80822,2,4.237333297729
80823,1,3.5447742939
80824,2,4.902723789215
80825,1,3.445531606674
80826,2,3.483338356018
80827,1,5.149587631226
80828,2,5.925024032593
80829,1,4.884358406067
80830,2,1.073575854301
80831,1,2.942297697067
80832,2,4.310661792755
80833,1,3.214916944504
80834,2,3.899459838867
80835,1,2.337508440018
80836,2,4.418195724487
80837,1,3.843010187149
80838,2,2.773933649063
80839,1,5.444714546204
80840,2,1.157922744751
80841,1,4.675037384033
80842,2,2.14430809021
80843,1,1.835626244545
80844,2,5.189999580383
80845,1,4.846845626831
80846,2,3.806230306625
80847,1,2.178360462189
80848,2,2.897305488586
80849,1,1.440300822258
80850,2,2.831106901169
80851,1,4.865596294403
80852,2,2.420186042786
80853,1,4.728026390076
80854,2,3.212517976761
80855,1,2.814455270767
80856,2,5.385891914368
80857,1,1.820539355278
80858,2,4.983890533447
80859,1,2.080234050751
80860,2,3.024155855179
80861,1,2.730166196823
80862,2,5.091879844666
80863,1,4.15981388092
80864,2,2.370051145554
80865,1,3.594637870789
80866,2,3.309622049332
80867,1,4.63431930542
80868,2,2.492276191711
80869,1,2.719940423965
80870,2,3.431221485138
80871,1,3.568495988846
80872,2,2.264796495438
80873,1,2.585903406143
80874,2,3.953349590302
80875,1,2.599210500717
80876,2,0.543419599533
80877,1,2.652752876282
80878,2,3.551772117615
80879,1,5.108141422272
80880,2,4.551783561707
80881,1,4.608251571655
80882,2,2.497826576233
80883,1,3.655678272247
80884,2,3.974789857864
80885,1,3.302729129791
80886,2,2.639963388443
80887,1,1.270965576172
80888,2,3.016741991043
80889,1,2.304915904999
80890,2,3.517568826675
80891,1,3.213153839111
80892,2,3.66147685051
80893,1,2.756735801697
80894,2,1.993799448013
80895,1,6.121073722839
80896,2,4.387626171112
80897,1,1.148366928101
80898,2,1.743832945824
80899,1,3.733491897583
80900,2,2.478993654251
80901,1,2.967541694641
80902,2,3.537459135056
80903,1,1.887182712555
80904,2,3.214378356934
80905,1,3.397695541382
80906,2,4.066776752472
80907,1,2.176262378693
80908,2,1.350468873978
80909,1,1.874022722244
80910,2,3.262254714966
80911,1,1.131371378899
80912,2,3.632255077362
80913,1,5.126509666443
80914,2,4.216615200043
80915,1,3.591001033783
80916,2,3.768491983414
80917,1,1.020560383797
80918,2,4.192849636078
80919,1,3.571459054947
80920,2,4.563237190247
80921,1,3.513855695724
80922,2,3.8459815979
80923,1,4.161158561707
80924,2,3.105160713196
80925,1,2.741037368774
80926,2,4.928009033203
80927,1,3.939006567001
80928,2,3.786503314972
80929,1,2.24730682373
80930,2,3.975932836533
80931,1,4.738615989685
80932,2,3.815000534058
80933,1,0.627430319786
80934,2,2.257005929947
80935,1,2.317472219467
80936,2,4.718160152435
80937,1,2.755323171616
80938,2,2.944704771042
80939,1,3.73326420784
80940,2,2.10711312294
80941,1,3.119955301285
80942,2,2.811108827591
80943,1,3.549517631531
80944,2,3.88812994957
80945,1,1.901718616486
80946,2,3.466009140015
80947,1,4.725597858429
80948,2,5.959921836853
80949,1,2.750942468643
80950,2,3.008622646332
80951,1,3.305466413498
80952,2,2.513397455215
80953,1,2.585544347763
80954,2,3.294538021088
80955,1,5.3354139328
80956,2,1.477344751358
80957,1,3.276655435562
80958,2,0.04372882843
80959,1,1.250919699669
80960,2,2.553941965103
80961,1,2.638780117035
80962,2,3.213265657425
80963,1,2.105188131332
80964,2,3.539879798889
80965,1,1.748466014862
80966,2,3.350288391113
80967,1,2.498837947845
80968,2,3.06285238266
80969,1,3.245321273804
80970,2,3.732662439346
80971,1,3.344314098358
80972,2,2.304465770721
80973,1,3.209030389786
80974,2,3.742875576019
80975,1,4.295398235321
80976,2,3.510725975037
80977,1,2.176132202148
80978,2,4.207670211792
80979,1,2.481327533722
80980,2,3.290185451508
80981,1,2.987210512161
80982,2,0.205966472626
80983,1,2.600231647491
80984,2,3.840227127075
80985,1,3.746417760849
80986,2,3.660288572311
80987,1,4.293950080872
80988,2,4.019846439362
80989,1,0.611644268036
80990,2,3.308274030685
80991,1,0.988874673843
80992,2,1.254479885101
80993,1,2.422191381454
80994,2,1.792310714722
80995,1,0.990373492241
80996,2,3.689791440964
80997,1,2.431934356689
80998,2,2.571714162827
80999,1,1.958371281624
81000,2,2.0438580513
90001,1,4.627226829529
90002,2,3.932334184647
90003,1,4.524174690247
90004,2,4.78718328476
90005,1,3.1945977211
90006,2,5.670497894287
90007,1,5.565602302551
90008,2,4.449090957642
90009,1,2.281107664108
90010,2,4.184024333954
90011,1,5.924250125885
90012,2,3.896758079529
90013,1,1.820820808411
90014,2,6.247521400452
90015,1,4.260253429413
90016,2,5.21383523941
90017,1,4.092648029327
90018,2,4.737043857574
90019,1,4.065475463867
90020,2,5.200014591217
90021,1,5.545252799988
90022,2,4.844080448151
90023,1,2.053153991699
90024,2,5.038453102112
90025,1,4.012283802032
90026,2,2.575364589691
90027,1,3.599257707596
90028,2,3.462854385376
90029,1,5.263004779816
90030,2,3.750116586685
90031,1,4.139972686768
90032,2,6.607322692871
90033,1,5.476182937622
90034,2,4.862833023071
90035,1,5.921839237213
90036,2,4.398882389069
90037,1,4.174292564392
90038,2,2.130279064178
90039,1,3.516522169113
90040,2,4.147532463074
90041,1,6.283935546875
90042,2,3.740237474442
90043,1,3.808868169785
90044,2,6.392314910889
90045,1,4.704979419708
90046,2,4.345139503479
90047,1,3.714849710464
90048,2,2.359572649002
90049,1,0.949555516243
90050,2,4.147190570831
90051,1,2.56453037262
90052,2,2.578789710999
90053,1,3.190906524658
90054,2,4.75517988205
90055,1,6.041053771973
90056,2,4.77067232132
90057,1,2.949159383774
90058,2,4.105056285858
90059,1,1.248296380043
90060,2,3.24979019165
90061,1,3.789093017578
90062,2,1.959888219833
90063,1,6.337072849274
90064,2,6.163259983063
90065,1,3.601112127304
90066,2,3.563804149628
90067,1,4.781118869781
90068,2,4.17321395874
90069,1,3.140455245972
90070,2,4.05952167511
90071,1,3.60480761528
90072,2,3.202931165695
90073,1,3.45069694519
90074,2,4.959397792816
90075,1,4.914267063141
90076,2,1.396077871323
90077,1,4.235792160034
90078,2,4.2750415802
90079,1,4.693474292755
90080,2,5.769931793213
90081,1,4.732711315155
90082,2,4.550995826721
90083,1,3.955189228058
90084,2,4.758568763733
90085,1,2.738217830658
90086,2,3.017417430878
90087,1,4.808920383453
90088,2,4.426045417786
90089,1,3.271840810776
90090,2,2.339442253113
90091,1,4.77417755127
90092,2,2.430052757263
90093,1,5.019918441772
90094,2,4.774342060089
90095,1,3.142305374146
90096,2,3.913842916489
90097,1,5.421320915222
90098,2,1.88508951664
90099,1,1.564365029335
90100,2,1.498075485229
90101,1,3.919128417969
90102,2,3.697261333466
90103,1,4.5884308815
90104,2,4.142432689667
90105,1,3.523193836212
90106,2,5.696141719818
90107,1,3.993679285049
90108,2,0.52858877182
90109,1,3.241452217102
90110,2,2.650291919708
90111,1,1.176064491272
90112,2,4.530240535736
90113,1,6.707671642303
90114,2,4.699584007263
90115,1,0.586969137192
90116,2,4.723903656006
90117,1,3.942784547806
90118,2,4.074283123016
90119,1,2.47068977356
90120,2,3.202164888382
90121,1,2.100577354431
90122,2,4.530747890472
90123,1,4.7001953125
90124,2,4.215809345245
90125,1,1.614113330841
90126,2,2.393984079361
90127,1,2.273791074753
90128,2,2.680507659912
90129,1,3.572348833084
90130,2,4.903807163239
90131,1,4.141997337341
90132,2,5.3770570755
90133,1,4.723676681519
90134,2,2.004642248154
90135,1,3.783142805099
90136,2,3.313880443573
90137,1,3.899413585663
90138,2,4.146861553192
90139,1,2.24883055687
90140,2,3.49122428894
90141,1,1.042946457863
90142,2,4.942056655884
90143,1,3.972676515579
90144,2,2.44863653183
90145,1,2.945612430573
90146,2,5.45251750946
90147,1,3.424142837524
90148,2,4.758470535278
90149,1,2.177467823029
90150,2,4.150817871094
90151,1,3.520381212234
90152,2,5.700066566467
90153,1,3.954962253571
90154,2,4.935789108276
90155,1,3.622223377228
90156,2,3.835024118423
90157,1,2.456165313721
90158,2,4.251436233521
90159,1,2.439484834671
90160,2,4.409161567688
90161,1,4.451968193054
90162,2,2.594569206238
90163,1,5.14900970459
90164,2,3.354603290558
90165,1,2.811211109161
90166,2,2.846832990646
90167,1,3.033754587173
90168,2,3.513386011124
90169,1,4.514950275421
90170,2,4.331295013428
90171,1,3.286969900131
90172,2,3.150755405426
90173,1,3.107876777649
90174,2,1.879285097122
90175,1,4.520589351654
90176,2,4.035841941833
90177,1,4.843764305115
90178,2,4.141666412354
90179,1,6.130269527435
90180,2,4.656330108643
90181,1,4.231554031372
90182,2,4.849363327026
90183,1,5.342014789581
90184,2,5.308551311493
90185,1,3.140572786331
90186,2,5.330486774445
90187,1,2.871303081512
90188,2,4.431901931763
90189,1,2.285150289536
90190,2,5.019265651703
90191,1,4.516109466553
90192,2,4.810499191284
90193,1,3.807523727417
90194,2,3.826390266418
90195,1,0.94109582901
90196,2,3.554954051971
90197,1,3.942501068115
90198,2,6.48330783844
90199,1,5.783666610718
90200,2,2.896340370178
90201,1,3.752883195877
90202,2,1.922089457512
90203,1,4.992615699768
90204,2,4.830109596252
90205,1,2.379238128662
90206,2,4.581736564636
90207,1,3.831747055054
90208,2,2.717772483826
90209,1,2.877070903778
90210,2,2.994920969009
90211,1,4.3236951828
90212,2,2.77575969696
90213,1,3.518073558807
90214,2,3.561362504959
90215,1,4.440294742584
90216,2,3.291533708572
90217,1,3.07355260849
90218,2,3.974967479706
90219,1,2.42320394516
90220,2,3.648686408997
90221,1,3.161722660065
90222,2,3.700348138809
90223,1,4.712595939636
90224,2,5.000396251678
90225,1,6.277532577515
90226,2,4.788583755493
90227,1,4.344746112823
90228,2,2.447682142258
90229,1,4.546538829803
90230,2,4.388175964355
90231,1,3.817093849182
90232,2,5.438254356384
90233,1,2.261406421661
90234,2,5.289879322052
90235,1,1.257951498032
90236,2,5.991816997528
90237,1,4.80224943161
90238,2,3.433539867401
90239,1,3.994495630264
90240,2,3.555648088455
90241,1,2.561800956726
90242,2,4.115693569183
90243,1,3.628422498703
90244,2,5.440518379211
90245,1,4.271112442017
90246,2,3.741842746735
90247,1,4.298574924469
90248,2,2.980280637741
90249,1,4.733476161957
90250,2,5.195872306824
90251,1,1.941056489944
90252,2,4.035149097443
90253,1,3.776547670364
90254,2,4.359126091003
90255,1,4.144623756409
90256,2,2.79952788353
90257,1,3.152600049973
90258,2,4.832830905914
90259,1,5.790324211121
90260,2,6.073941230774
90261,1,4.983964920044
90262,2,2.404794216156
90263,1,3.747385978699
90264,2,-0.039592504501
90265,1,1.832505941391
90266,2,3.099363803864
90267,1,3.59466791153
90268,2,2.64652633667
90269,1,6.036733627319
90270,2,3.609219551086
90271,1,4.813469409943
90272,2,2.559137105942
90273,1,3.7388048172
90274,2,3.977432012558
90275,1,3.71639752388
90276,2,3.339244842529
90277,1,2.209511041641
90278,2,4.542836666107
90279,1,3.940084457397
90280,2,3.347754716873
90281,1,5.832530021667
90282,2,2.937344074249
90283,1,5.149753570557
90284,2,3.19702911377
90285,1,1.906946897507
90286,2,3.621269702911
90287,1,4.165423870087
90288,2,3.798552513123
90289,1,4.823515415192
90290,2,3.114325046539
90291,1,5.627176761627
90292,2,4.58046245575
90293,1,5.594708919525
90294,2,4.821129322052
90295,1,6.420102596283
90296,2,6.125819206238
90297,1,5.467872142792
90298,2,5.61737203598
90299,1,3.192561626434
90300,2,3.768249750137
90301,1,5.704314231873
90302,2,6.744995117188
90303,1,3.129249572754
90304,2,3.839903593063
90305,1,2.790525436401
90306,2,2.594363689423
90307,1,3.032802581787
90308,2,2.709274053574
90309,1,6.16651725769
90310,2,4.626798152924
90311,1,3.333466529846
90312,2,3.279604196548
90313,1,3.65420460701
90314,2,4.764630317688
90315,1,5.54789352417
90316,2,6.10626077652
90317,1,4.496160984039
90318,2,4.635437488556
90319,1,4.254470825195
90320,2,2.755763292313
90321,1,3.137063264847
90322,2,3.376946687698
90323,1,4.357769012451
90324,2,5.064691066742
90325,1,3.38254237175
90326,2,3.737518548965
90327,1,4.642234802246
90328,2,1.876616954803
90329,1,2.91925573349
90330,2,4.162095069885
90331,1,5.264689445496
90332,2,5.550099372864
90333,1,5.527218818665
90334,2,1.873160243034
90335,1,6.070937633514
90336,2,4.39063167572
90337,1,3.996217727661
90338,2,2.660703659058
90339,1,3.453006267548
90340,2,2.533847332001
90341,1,3.210938930511
90342,2,4.423372268677
90343,1,4.743523597717
90344,2,4.548619270325
90345,1,5.605390548706
90346,2,3.472978591919
90347,1,2.926092624664
90348,2,3.666283607483
90349,1,4.189424514771
90350,2,3.919565200806
90351,1,4.798715591431
90352,2,4.277070522308
90353,1,5.249897480011
90354,2,3.526146411896
90355,1,5.305817604065
90356,2,2.880365133286
90357,1,4.391673088074
90358,2,4.889474868774
90359,1,3.167575836182
90360,2,3.458063840866
90361,1,2.140707015991
90362,2,2.752797842026
90363,1,4.7235455513
90364,2,3.997746944427
90365,1,2.753942489624
90366,2,2.581040143967
90367,1,2.00736784935
90368,2,4.156216621399
90369,1,3.185989141464
90370,2,5.945888996124
90371,1,5.843665599823
90372,2,4.912200450897
90373,1,2.724140882492
90374,2,1.759113669395
90375,1,3.816447496414
90376,2,3.989696979523
90377,1,2.895903348923
90378,2,1.485270619392
90379,1,4.968029975891
90380,2,3.263727664948
90381,1,6.102751255035
90382,2,4.15943145752
90383,1,4.789573669434
90384,2,2.143497943878
90385,1,5.136175632477
90386,2,3.475486040115
90387,1,4.403029441833
90388,2,2.784342765808
90389,1,1.090603590012
90390,2,5.117676734924
90391,1,4.6169090271
90392,2,2.12051820755
90393,1,3.90096616745
90394,2,2.512385845184
90395,1,3.29292178154
90396,2,4.934606552124
90397,1,6.24928855896
90398,2,4.280973911285
90399,1,2.873779535294
90400,2,2.93167424202
90401,1,4.750009536743
90402,2,5.246249198914
90403,1,4.647018432617
90404,2,3.310451984406
90405,1,2.835654258728
90406,2,3.714601039886
90407,1,3.164432764053
90408,2,2.911221504211
90409,1,4.266648292542
90410,2,4.50666475296
90411,1,2.430649995804
90412,2,3.791094064713
90413,1,2.964656829834
90414,2,4.576157093048
90415,1,1.82202231884
90416,2,4.297080039978
90417,1,5.039180755615
90418,2,3.943156957626
90419,1,3.149442672729
90420,2,4.915065288544
90421,1,4.576224327087
90422,2,4.173533916473
90423,1,2.761633872986
90424,2,4.648434638977
90425,1,4.249819755554
90426,2,3.071960449219
90427,1,3.48531460762
90428,2,4.828944683075
90429,1,2.302135944366
90430,2,2.877988815308
90431,1,3.820322036743
90432,2,2.080931186676
90433,1,5.170956611633
90434,2,4.164362430573
90435,1,4.48698425293
90436,2,4.999610424042
90437,1,5.47670173645
90438,2,4.069420814514
90439,1,5.315131664276
90440,2,4.012532234192
90441,1,3.94020986557
90442,2,2.918086051941
90443,1,5.814494609833
90444,2,4.455031394958
90445,1,5.607326507568
90446,2,6.279403686523
90447,1,3.03358745575
90448,2,2.883189916611
90449,1,5.103066921234
90450,2,3.71952009201
90451,1,2.480531215668
90452,2,2.618472099304
90453,1,5.510023117065
90454,2,6.728149414062
90455,1,4.671633243561
90456,2,0.976410984993
90457,1,3.124570131302
90458,2,4.312536716461
90459,1,3.051577091217
90460,2,2.57249879837
90461,1,3.011064767838
90462,2,2.738615512848
90463,1,3.059839725494
90464,2,2.021178722382
90465,1,3.938558101654
90466,2,5.262474536896
90467,1,2.005497217178
90468,2,4.234795570374
90469,1,3.871808767319
90470,2,3.931764364243
90471,1,1.904515266418
90472,2,3.601257801056
90473,1,3.734404802322
90474,2,4.794642925262
90475,1,5.055399894714
90476,2,3.204163074493
90477,1,2.092208385468
90478,2,3.962401151657
90479,1,3.976572751999
90480,2,4.792049407959
90481,1,2.089696645737
90482,2,3.144586086273
90483,1,2.033615589142
90484,2,2.512193441391
90485,1,5.889565467834
90486,2,6.744997024536
90487,1,2.53661108017
90488,2,2.866894721985
90489,1,1.715427875519
90490,2,1.054085731506
90491,1,4.29062461853
90492,2,6.039459705353
90493,1,2.79888010025
90494,2,1.871953964233
90495,1,5.680794239044
90496,2,4.284491062164
90497,1,5.852063655853
90498,2,1.498256921768
90499,1,4.55487537384
90500,2,2.737504959106
90501,1,3.755858182907
90502,2,3.326797246933
90503,1,3.524324655533
90504,2,4.010864257812
90505,1,3.715963840485
90506,2,5.22695016861
90507,1,5.722904205322
90508,2,3.463688850403
90509,1,2.637594223022
90510,2,5.055634021759
90511,1,3.395051002502
90512,2,3.322712659836
90513,1,2.9703977108
90514,2,2.973506450653
90515,1,2.320770263672
90516,2,3.290574073792
90517,1,3.88153553009
90518,2,1.983947277069
90519,1,4.742711544037
90520,2,3.853862762451
90521,1,3.448082447052
90522,2,1.621188640594
90523,1,2.316203117371
90524,2,3.872575283051
90525,1,3.93891119957
90526,2,2.850256443024
90527,1,2.723880290985
90528,2,3.138190031052
90529,1,2.735821723938
90530,2,1.822181105614
90531,1,4.008688926697
90532,2,3.446156263351
90533,1,2.373015403748
90534,2,5.15648317337
90535,1,4.60072517395
90536,2,2.360995292664
90537,1,4.952593326569
90538,2,4.722315788269
90539,1,4.872974872589
90540,2,5.210897922516
90541,1,6.235259532928
90542,2,1.817477464676
90543,1,2.912843227386
90544,2,4.98181438446
90545,1,4.406400203705
90546,2,4.063978672028
90547,1,3.367183685303
90548,2,5.902534484863
90549,1,4.655806541443
90550,2,4.819687366486
90551,1,2.088025569916
90552,2,4.806773662567
90553,1,5.155427932739
90554,2,4.514997005463
90555,1,2.782150506973
90556,2,2.870100736618
90557,1,4.315418720245
90558,2,0.853068351746
90559,1,2.445096969604
90560,2,5.793954372406
90561,1,4.954084396362
90562,2,2.823648452759
90563,1,4.447634220123
90564,2,3.194344997406
90565,1,3.908870458603
90566,2,3.254912137985
90567,1,3.99165058136
90568,2,5.03990316391
90569,1,3.075669288635
90570,2,5.030938148499
90571,1,5.02281332016
90572,2,5.032822132111
90573,1,4.715608119965
90574,2,4.321134090424
90575,1,3.570641994476
90576,2,4.645017623901
90577,1,4.803838729858
90578,2,4.144509315491
90579,1,3.046900987625
90580,2,3.574010848999
90581,1,4.954058647156
90582,2,3.897034168243
90583,1,3.515565395355
90584,2,4.653604030609
90585,1,3.593403339386
90586,2,5.029706954956
90587,1,2.656977415085
90588,2,3.052904844284
90589,1,3.761405944824
90590,2,3.191596269608
90591,1,3.675782680511
90592,2,5.751544952393
90593,1,3.993991851807
90594,2,4.625171661377
90595,1,2.397366046906
90596,2,3.084215641022
90597,1,4.412896633148
90598,2,2.052719116211
90599,1,3.47475528717
90600,2,3.240891933441
90601,1,3.972842931747
90602,2,3.49534535408
90603,1,4.415431499481
90604,2,3.731994152069
90605,1,4.770803451538
90606,2,4.480446338654
90607,1,3.669318437576
90608,2,4.588787078857
90609,1,2.035503387451
90610,2,4.337060928345
90611,1,4.787520885468
90612,2,4.284333705902
90613,1,2.838776826859
90614,2,3.506073713303
90615,1,5.200819015503
90616,2,5.259963989258
90617,1,4.870657444
90618,2,5.697420597076
90619,1,4.082501411438
90620,2,1.883303046227
90621,1,1.775395393372
90622,2,2.613529205322
90623,1,4.185788631439
90624,2,5.149079322815
90625,1,2.805055618286
90626,2,3.695503473282
90627,1,4.457546710968
90628,2,4.547488689423
90629,1,5.192625999451
90630,2,3.928235530853
90631,1,2.90612745285
90632,2,3.620647192001
90633,1,3.841497659683
90634,2,6.485442638397
90635,1,4.897005558014
90636,2,3.389268636703
90637,1,5.426029682159
90638,2,3.923532962799
90639,1,0.52699971199
90640,2,4.091009140015
90641,1,5.30286026001
90642,2,3.811004638672
90643,1,3.314453363419
90644,2,4.640795707703
90645,1,4.504636287689
90646,2,3.480731487274
90647,1,3.966491937637
90648,2,4.674202442169
90649,1,1.462058901787
90650,2,4.273025512695
90651,1,4.869535923004
90652,2,3.069372415543
90653,1,5.178797721863
90654,2,4.992984771729
90655,1,6.442650794983
90656,2,4.352743625641
90657,1,3.811600208282
90658,2,2.928547143936
90659,1,3.291551589966
90660,2,3.676721572876
90661,1,2.704025268555
90662,2,4.340161800385
90663,1,1.638243913651
90664,2,3.298189163208
90665,1,5.625375747681
90666,2,5.014494419098
90667,1,3.367965698242
90668,2,3.822443008423
90669,1,2.55736541748
90670,2,4.650994300842
90671,1,2.704686164856
90672,2,2.794584512711
90673,1,5.017737388611
90674,2,1.1063798666
90675,1,3.135169506073
90676,2,1.636097431183
90677,1,2.698805332184
90678,2,2.245972156525
90679,1,4.044944763184
90680,2,3.083725214005
90681,1,3.267108917236
90682,2,6.264350891113
90683,1,3.670321464539
90684,2,4.74005651474
90685,1,5.523819446564
90686,2,5.757040023804
90687,1,4.759054660797
90688,2,6.069098949432
90689,1,2.364922523499
90690,2,3.016469240189
90691,1,4.060124397278
90692,2,2.919541597366
90693,1,3.38396024704
90694,2,1.945077896118
90695,1,3.107398509979
90696,2,1.774310588837
90697,1,0.382719278336
90698,2,5.808097362518
90699,1,3.257194757462
90700,2,3.027658462524
90701,1,2.087473869324
90702,2,4.167111873627
90703,1,1.918503522873
90704,2,2.978975534439
90705,1,4.560105800629
90706,2,3.413054227829
90707,1,2.618580102921
90708,2,4.574654102325
90709,1,2.893151760101
90710,2,1.958235740662
90711,1,3.882727384567
90712,2,3.120263814926
90713,1,3.583912849426
90714,2,3.46689081192
90715,1,4.50519990921
90716,2,3.896903514862
90717,1,3.554379463196
90718,2,3.254712343216
90719,1,4.104031562805
90720,2,5.330699920654
90721,1,4.063096046448
90722,2,2.781963348389
90723,1,2.191454410553
90724,2,1.352337241173
90725,1,5.758560180664
90726,2,3.798127889633
90727,1,4.600016593933
90728,2,3.516876935959
90729,1,2.900258541107
90730,2,3.340199232101
90731,1,5.4739112854
90732,2,5.674593925476
90733,1,2.468039274216
90734,2,1.974613785744
90735,1,3.826277971268
90736,2,4.532950401306
90737,1,3.944488048553
90738,2,4.291078090668
90739,1,4.046314716339
90740,2,4.378659248352
90741,1,3.03306722641
90742,2,6.321368694305
90743,1,3.934087753296
90744,2,3.005316019058
90745,1,3.821712970734
90746,2,4.758100509644
90747,1,2.57617855072
90748,2,2.455997228622
90749,1,2.747659683228
90750,2,2.677486896515
90751,1,2.18500494957
90752,2,6.008986949921
90753,1,3.952965736389
90754,2,3.75523352623
90755,1,4.847012042999
90756,2,4.750682830811
90757,1,1.426783561707
90758,2,3.411855697632
90759,1,4.72056722641
90760,2,4.528557300568
90761,1,6.563608169556
90762,2,5.447578430176
90763,1,5.611003398895
90764,2,3.726682662964
90765,1,3.162439823151
90766,2,4.546137332916
90767,1,4.718648433685
90768,2,3.664815187454
90769,1,4.415643692017
90770,2,5.017971515656
90771,1,3.288470983505
90772,2,3.855123996735
90773,1,2.826174020767
90774,2,4.038273334503
90775,1,4.332356452942
90776,2,5.402597427368
90777,1,4.606030464172
90778,2,3.57245349884
90779,1,4.92254781723
90780,2,3.161803245544
90781,1,3.103786230087
90782,2,2.97169303894
90783,1,5.359658718109
90784,2,3.741791963577
90785,1,1.825259208679
90786,2,3.519023895264
90787,1,3.088794469833
90788,2,-0.080853223801
90789,1,3.110212564468
90790,2,4.083925247192
90791,1,3.600193023682
90792,2,2.316649436951
90793,1,4.597442150116
90794,2,4.018720626831
90795,1,4.190749168396
90796,2,4.436188697815
90797,1,3.418132066727
90798,2,4.451854705811
90799,1,2.833781719208
90800,2,2.371456861496
90801,1,1.256461381912
90802,2,4.434674263
90803,1,1.21789598465
90804,2,3.571964979172
90805,1,3.278870582581
90806,2,3.825595855713
90807,1,4.466768264771
90808,2,5.976555347443
90809,1,2.738713264465
90810,2,2.183504581451
90811,1,4.607562541962
90812,2,3.741252422333
90813,1,4.417080402374
90814,2,4.118243217468
90815,1,6.066606521606
90816,2,4.135776519775
90817,1,4.834697723389
90818,2,3.882257223129
90819,1,5.658218383789
90820,2,5.851124763489
90821,1,4.005858898163
90822,2,1.927305340767
90823,1,5.278838634491
90824,2,1.679242968559
90825,1,2.595195293427
90826,2,2.190296173096
90827,1,2.98423910141
90828,2,3.652468442917
90829,1,5.043562889099
90830,2,2.708957910538
90831,1,5.983506679535
90832,2,3.114367723465
90833,1,2.449425935745
90834,2,3.398065090179
90835,1,3.848523616791
90836,2,4.277491569519
90837,1,5.260544776917
90838,2,4.005964756012
90839,1,4.150792121887
90840,2,3.856563329697
90841,1,0.599431037903
90842,2,2.523131847382
90843,1,3.657335281372
90844,2,4.346270561218
90845,1,4.59672164917
90846,2,3.841835975647
90847,1,2.183233737946
90848,2,4.25269985199
90849,1,3.422304153442
90850,2,4.40749502182
90851,1,4.278169631958
90852,2,2.804421663284
90853,1,2.615350484848
90854,2,4.513885498047
90855,1,4.008847236633
90856,2,1.935077548027
90857,1,1.588660359383
90858,2,2.528358459473
90859,1,3.975325107574
90860,2,3.770376205444
90861,1,3.598127603531
90862,2,4.042446613312
90863,1,4.875835418701
90864,2,3.136425018311
90865,1,1.33635187149
90866,2,3.525651693344
90867,1,1.16788649559
90868,2,4.244750499725
90869,1,3.380769014359
90870,2,5.035137176514
90871,1,1.836766242981
90872,2,2.930810689926
90873,1,2.703961133957
90874,2,3.652856111526
90875,1,3.468123197556
90876,2,2.453840255737
90877,1,4.335606575012
90878,2,3.811552047729
90879,1,3.076119661331
90880,2,2.858902454376
90881,1,3.427208423615
90882,2,4.600872993469
90883,1,4.568940639496
90884,2,0.903178095818
90885,1,4.63202047348
90886,2,5.122797966003
90887,1,3.333471775055
90888,2,4.299324989319
90889,1,2.514180183411
90890,2,1.359592437744
90891,1,3.40974521637
90892,2,3.216316699982
90893,1,1.53487765789
90894,2,3.546246290207
90895,1,3.270941495895
90896,2,3.020844936371
90897,1,5.659893512726
90898,2,4.874716281891
90899,1,4.940096378326
90900,2,6.07621383667
90901,1,4.76625585556
90902,2,2.441038131714
90903,1,1.80784869194
90904,2,1.96535050869
90905,1,2.247132062912
90906,2,2.331136703491
90907,1,1.980949878693
90908,2,1.284950852394
90909,1,2.917036056519
90910,2,5.249465465546
90911,1,4.575135231018
90912,2,4.076047420502
90913,1,2.419513702393
90914,2,5.668524742126
90915,1,4.019113540649
90916,2,3.198448896408
90917,1,4.120810508728
90918,2,1.440490484238
90919,1,3.81708407402
90920,2,2.850510597229
90921,1,6.340559959412
90922,2,4.044000148773
90923,1,3.34632730484
90924,2,5.661014556885
90925,1,2.81251502037
90926,2,6.720294952393
90927,1,4.633469581604
90928,2,4.512836933136
90929,1,2.907727241516
90930,2,3.269757270813
90931,1,4.064112186432
90932,2,4.3501496315
90933,1,4.687927722931
90934,2,5.519741535187
90935,1,2.855896234512
90936,2,2.966688632965
90937,1,3.917434453964
90938,2,3.692615032196
90939,1,2.734508514404
90940,2,1.149926304817
90941,1,1.462523698807
90942,2,2.450545549393
90943,1,3.758660793304
90944,2,5.045461177826
90945,1,2.183316707611
90946,2,3.247370004654
90947,1,3.979601860046
90948,2,3.287504196167
90949,1,4.247779369354
90950,2,5.18588924408
90951,1,2.624755144119
90952,2,2.684666156769
90953,1,2.675454616547
90954,2,3.545135736465
90955,1,4.329767227173
90956,2,4.967535018921
90957,1,3.348367214203
90958,2,2.9447722435
90959,1,4.829341411591
90960,2,4.639096736908
90961,1,4.346849918365
90962,2,4.346544265747
90963,1,6.414568901062
90964,2,4.807183265686
90965,1,4.099012851715
90966,2,2.415846824646
90967,1,3.273615121841
90968,2,4.364886283875
90969,1,2.877663135529
90970,2,2.527990341187
90971,1,2.151740789413
90972,2,4.228610038757
90973,1,2.811655759811
90974,2,2.343435049057
90975,1,4.793146133423
90976,2,3.366995811462
90977,1,2.151750564575
90978,2,4.664533615112
90979,1,3.492277383804
90980,2,3.608657836914
90981,1,3.566256523132
90982,2,3.733287572861
90983,1,3.742240428925
90984,2,3.140402793884
90985,1,4.224721431732
90986,2,4.714039802551
90987,1,2.232532262802
90988,2,2.496731758118
90989,1,4.819833755493
90990,2,5.79879283905
90991,1,4.741798400879
90992,2,5.087246894836
90993,1,1.643778920174
90994,2,4.205832958221
90995,1,3.944873332977
90996,2,3.346194982529
90997,1,2.331479549408
90998,2,2.621653556824
90999,1,2.252949953079
91000,2,2.309032917023
100001,1,4.277100563049
100002,2,5.328531265259
100003,1,5.142520904541
100004,2,6.869909286499
100005,1,3.812356472015
100006,2,5.648996829987
100007,1,7.461911201477
100008,2,5.027704715729
100009,1,7.241595745087
100010,2,5.983565330505
100011,1,5.250814914703
100012,2,3.860224723816
100013,1,4.990917205811
100014,2,3.899367570877
100015,1,4.815978527069
100016,2,6.997121810913
100017,1,4.363338947296
100018,2,4.475051879883
100019,1,4.734435558319
100020,2,3.467830181122
100021,1,5.57949590683
100022,2,4.674228668213
100023,1,3.801211118698
100024,2,3.898587465286
100025,1,5.742739677429
100026,2,5.631551742554
100027,1,3.984796047211
100028,2,2.722883224487
100029,1,5.799409866333
100030,2,5.417135715485
100031,1,3.275335788727
100032,2,3.768430948257
100033,1,4.311104297638
100034,2,5.033646583557
100035,1,4.271000862122
100036,2,3.586959600449
100037,1,5.250342845917
100038,2,4.02841091156
100039,1,3.808817625046
100040,2,3.80078291893
100041,1,5.459009647369
100042,2,5.427618026733
100043,1,1.814390182495
100044,2,2.634479045868
100045,1,4.743336677551
100046,2,5.878050804138
100047,1,4.437844276428
100048,2,4.610964298248
100049,1,3.866221427917
100050,2,5.187107086182
100051,1,2.412307739258
100052,2,2.381815433502
100053,1,4.219013690948
100054,2,4.725357055664
100055,1,7.899481296539
100056,2,4.02862405777
100057,1,7.120895385742
100058,2,5.742541790009
100059,1,4.487393856049
100060,2,2.837056159973
100061,1,3.372455120087
100062,2,3.275250196457
100063,1,2.397661447525
100064,2,5.505731582642
100065,1,5.935518741608
100066,2,5.310859203339
100067,1,4.23422908783
100068,2,4.949652671814
100069,1,5.18168926239
100070,2,3.996252775192
100071,1,3.893470287323
100072,2,4.709283828735
100073,1,4.394486427307
100074,2,2.742185115814
100075,1,4.56193447113
100076,2,5.486636161804
100077,1,6.132821083069
100078,2,4.750962734222
100079,1,6.884494304657
100080,2,3.569221258163
100081,1,4.532069206238
100082,2,3.168625354767
100083,1,3.894578695297
100084,2,5.091475963593
100085,1,6.944231510162
100086,2,2.593927621841
100087,1,3.784759521484
100088,2,4.936653137207
100089,1,4.929444313049
100090,2,5.004016876221
100091,1,3.57460641861
100092,2,4.785054206848
100093,1,7.498780250549
100094,2,2.377819776535
100095,1,4.884253025055
100096,2,5.711822509766
100097,1,7.594644546509
100098,2,3.615335464478
100099,1,3.552321910858
100100,2,5.862677574158
100101,1,3.780235528946
100102,2,5.585770606995
100103,1,3.864140748978
100104,2,3.926683425903
100105,1,5.113526344299
100106,2,4.12032365799
100107,1,0.58927488327
100108,2,5.255460262299
100109,1,4.130449295044
100110,2,4.954288005829
100111,1,4.710968494415
100112,2,3.976580142975
100113,1,4.853950977325
100114,2,4.169143676758
100115,1,5.530015945435
100116,2,4.708592414856
100117,1,4.379833698273
100118,2,5.999708652496
100119,1,4.081775665283
100120,2,3.560834169388
100121,1,4.475185871124
100122,2,5.600682735443
100123,1,4.232606887817
100124,2,7.250610351562
100125,1,4.721583366394
100126,2,4.241766452789
100127,1,3.37601852417
100128,2,4.167295455933
100129,1,5.860579013824
100130,2,3.797916650772
100131,1,3.598187446594
100132,2,4.15899515152
100133,1,5.297458171844
100134,2,3.868924617767
100135,1,6.725373268127
100136,2,3.592837333679
100137,1,3.376832485199
100138,2,2.962139129639
100139,1,2.714592933655
100140,2,3.408936977386
100141,1,7.187188625336
100142,2,5.674230098724
100143,1,4.986850261688
100144,2,5.685676574707
100145,1,4.112553119659
100146,2,5.463230133057
100147,1,6.05152797699
100148,2,5.435518741608
100149,1,5.340364933014
100150,2,4.289640903473
100151,1,3.082541942596
100152,2,2.32772731781
100153,1,3.959413528442
100154,2,2.704872131348
100155,1,4.333737373352
100156,2,6.173321723938
100157,1,5.896967411041
100158,2,4.652665138245
100159,1,6.643439292908
100160,2,7.237659454346
100161,1,3.273017406464
100162,2,5.455399036407
100163,1,4.465511322021
100164,2,5.033926486969
100165,1,4.720769882202
100166,2,4.602387905121
100167,1,4.705968379974
100168,2,3.257108211517
100169,1,6.367262363434
100170,2,5.724100112915
100171,1,4.528446674347
100172,2,5.891055107117
100173,1,5.698574066162
100174,2,5.87735080719
100175,1,7.765948295593
100176,2,2.44376039505
100177,1,2.501154184341
100178,2,5.482042789459
100179,1,6.412172317505
100180,2,3.552558660507
100181,1,2.596247434616
100182,2,3.557636260986
100183,1,6.249525547028
100184,2,3.186376094818
100185,1,3.948981523514
100186,2,4.101016998291
100187,1,3.011680841446
100188,2,4.886930465698
100189,1,7.116857528687
100190,2,7.230160713196
100191,1,4.26162815094
100192,2,7.35192489624
100193,1,3.13144493103
100194,2,3.446126937866
100195,1,3.523681640625
100196,2,4.484722137451
100197,1,4.277383804321
100198,2,4.867109298706
100199,1,5.365853309631
100200,2,5.31453037262
100201,1,3.788600444794
100202,2,6.732145309448
100203,1,3.454451560974
100204,2,2.863894462585
100205,1,3.547522306442
100206,2,2.512899398804
100207,1,2.30432510376
100208,2,4.620752811432
100209,1,6.641047000885
100210,2,6.179451465607
100211,1,6.610548496246
100212,2,6.367166996002
100213,1,5.72069644928
100214,2,3.737633228302
100215,1,5.333775043488
100216,2,5.842099189758
100217,1,4.747844696045
100218,2,4.556991100311
100219,1,3.007050037384
100220,2,2.701767683029
100221,1,3.076608181
100222,2,5.333349704742
100223,1,3.361744403839
100224,2,4.590628623962
100225,1,2.961549520493
100226,2,5.869247913361
100227,1,3.858346223831
100228,2,4.864001750946
100229,1,3.767539978027
100230,2,4.894643306732
100231,1,4.519726753235
100232,2,3.855745792389
100233,1,6.03698682785
100234,2,4.561319351196
100235,1,3.119997024536
100236,2,4.627833366394
100237,1,4.352373123169
100238,2,3.583292484283
100239,1,4.440501213074
100240,2,4.796475887299
100241,1,1.225993156433
100242,2,1.634078264236
100243,1,3.112499237061
100244,2,5.824367523193
100245,1,5.986052513123
100246,2,6.935885906219
100247,1,4.500156402588
100248,2,4.292213916779
100249,1,4.16641998291
100250,2,4.095575332642
100251,1,3.278377532959
100252,2,5.206691741943
100253,1,4.014056682587
100254,2,4.25189781189
100255,1,5.429887771606
100256,2,5.442833900452
100257,1,5.959284305573
100258,2,2.497658491135
100259,1,6.060116767883
100260,2,4.945333003998
100261,1,3.98628950119
100262,2,4.592778205872
100263,1,6.394465923309
100264,2,5.628029346466
100265,1,6.307891368866
100266,2,3.128304481506
100267,1,6.723982810974
100268,2,5.3290143013
100269,1,4.286601543427
100270,2,2.924730300903
100271,1,2.042354345322
100272,2,2.394693374634
100273,1,3.178256988525
100274,2,3.304705619812
100275,1,4.678207874298
100276,2,4.352898597717
100277,1,3.57519197464
100278,2,4.34431219101
100279,1,4.788604259491
100280,2,4.351870536804
100281,1,4.910933971405
100282,2,3.658497333527
100283,1,3.824311733246
100284,2,4.432490825653
100285,1,4.390730857849
100286,2,5.376471042633
100287,1,3.952260494232
100288,2,2.302255153656
100289,1,5.884114265442
100290,2,5.569548130035
100291,1,6.335430622101
100292,2,6.49488735199
100293,1,3.836602210999
100294,2,5.575147628784
100295,1,6.682206630707
100296,2,6.695387840271
100297,1,4.83754825592
100298,2,1.459201812744
100299,1,4.52783870697
100300,2,5.164580345154
100301,1,5.295587062836
100302,2,2.221505641937
100303,1,2.072380781174
100304,2,5.636532783508
100305,1,4.515482902527
100306,2,4.964901924133
100307,1,5.590041637421
100308,2,3.034635782242
100309,1,3.976024866104
100310,2,5.345258712769
100311,1,3.421321392059
100312,2,4.425520420074
100313,1,2.481894016266
100314,2,5.375581741333
100315,1,4.497008323669
100316,2,3.930334091187
100317,1,4.070387840271
100318,2,4.553179740906
100319,1,4.368628025055
100320,2,4.189883232117
100321,1,3.163612365723
100322,2,5.449275493622
100323,1,4.51341342926
100324,2,5.211724281311
100325,1,6.284844875336
100326,2,5.624710083008
100327,1,5.151710033417
100328,2,4.644859313965
100329,1,4.032759189606
100330,2,3.6779961586
100331,1,3.327888965607
100332,2,5.099697113037
100333,1,6.369281768799
100334,2,6.166677474976
100335,1,2.975739479065
100336,2,4.326362609863
100337,1,4.231467723846
100338,2,4.001238822937
100339,1,3.705567836761
100340,2,3.270110845566
100341,1,2.381176233292
100342,2,4.266845226288
100343,1,2.364190101624
100344,2,4.291973114014
100345,1,4.303362369537
100346,2,5.604575157166
100347,1,4.705376148224
100348,2,4.397027492523
100349,1,4.660449504852
100350,2,5.661782741547
100351,1,4.741031169891
100352,2,4.683217048645
100353,1,3.237317085266
100354,2,4.285327911377
100355,1,6.303366661072
100356,2,3.585745573044
100357,1,3.458837747574
100358,2,3.112294912338
100359,1,4.174946784973
100360,2,7.19497013092
100361,1,4.299816131592
100362,2,7.755771636963
100363,1,3.571399688721
100364,2,5.033236980438
100365,1,5.119003772736
100366,2,5.278967380524
100367,1,3.458613157272
100368,2,3.477665662766
100369,1,5.107284545898
100370,2,3.553125143051
100371,1,5.376154899597
100372,2,7.456925392151
100373,1,6.734137535095
100374,2,5.992251396179
100375,1,5.197295665741
100376,2,3.891811609268
100377,1,1.775719642639
100378,2,2.574052095413
100379,1,5.128098964691
100380,2,4.895833492279
100381,1,2.955748558044
100382,2,5.799446105957
100383,1,5.932478427887
100384,2,5.907914161682
100385,1,5.039423465729
100386,2,4.289033889771
100387,1,2.398218870163
100388,2,4.445323944092
100389,1,4.423542976379
100390,2,4.017827510834
100391,1,6.044970989227
100392,2,5.254009246826
100393,1,3.222146987915
100394,2,1.569588899612
100395,1,5.457847595215
100396,2,3.646144866943
100397,1,3.200752735138
100398,2,3.830331325531
100399,1,4.906870365143
100400,2,2.504304170609
100401,1,5.244895458221
100402,2,4.731203556061
100403,1,4.4911236763
100404,2,2.6688144207
100405,1,6.687515735626
100406,2,1.808065414429
100407,1,5.809372425079
100408,2,4.54783821106
100409,1,3.760948419571
100410,2,5.215759754181
100411,1,2.72300863266
100412,2,3.708898544312
100413,1,3.23697924614
100414,2,3.343153476715
100415,1,4.82289981842
100416,2,5.13121509552
100417,1,4.40879535675
100418,2,6.261724948883
100419,1,6.392123222351
100420,2,5.645879268646
100421,1,2.603027820587
100422,2,3.712243080139
100423,1,3.012176275253
100424,2,6.04608631134
100425,1,4.053853034973
100426,2,1.908868193626
100427,1,2.294906616211
100428,2,4.548456668854
100429,1,1.928430318832
100430,2,1.692963480949
100431,1,2.838526010513
100432,2,4.50954246521
100433,1,3.03795337677
100434,2,4.929729938507
100435,1,5.377390384674
100436,2,6.24924325943
100437,1,2.357491016388
100438,2,5.186509609222
100439,1,4.811756134033
100440,2,4.471873760223
100441,1,5.814328193665
100442,2,4.549135684967
100443,1,4.8204870224
100444,2,4.497543811798
100445,1,4.535982608795
100446,2,3.514698982239
100447,1,5.289662361145
100448,2,5.081357479095
100449,1,6.33397769928
100450,2,4.293917655945
100451,1,5.480656147003
100452,2,5.204035282135
100453,1,5.373710632324
100454,2,5.511431217194
100455,1,3.525022029877
100456,2,4.75910949707
100457,1,5.236964702606
100458,2,5.198896408081
100459,1,4.911714553833
100460,2,1.922951221466
100461,1,4.166352748871
100462,2,3.572866678238
100463,1,4.187754154205
100464,2,4.041152000427
100465,1,3.859753847122
100466,2,3.056124925613
100467,1,4.083674907684
100468,2,2.666487932205
100469,1,6.11429309845
100470,2,2.481738567352
100471,1,3.62047290802
100472,2,4.238840103149
100473,1,5.168073177338
100474,2,3.511322021484
100475,1,2.783525466919
100476,2,3.110714673996
100477,1,4.672128200531
100478,2,3.340462207794
100479,1,5.278050899506
100480,2,4.908805370331
100481,1,2.518485307693
100482,2,4.312016487122
100483,1,2.696477890015
100484,2,7.255992889404
100485,1,0.445333242416
100486,2,5.294325828552
100487,1,4.419889450073
100488,2,5.296694278717
100489,1,5.64782333374
100490,2,6.58465385437
100491,1,5.178925037384
100492,2,3.098382711411
100493,1,4.32098531723
100494,2,5.191559791565
100495,1,5.000080108643
100496,2,1.572562217712
100497,1,2.508897304535
100498,2,2.833597660065
100499,1,6.884884357452
100500,2,1.921746253967
100501,1,4.946794033051
100502,2,4.594414710999
100503,1,5.093663215637
100504,2,5.177868843079
100505,1,6.883364677429
100506,2,4.14587020874
100507,1,5.525325775146
100508,2,3.74914431572
100509,1,6.038326263428
100510,2,3.79573059082
100511,1,3.762886285782
100512,2,4.529001235962
100513,1,2.692290306091
100514,2,3.794315338135
100515,1,6.367835044861
100516,2,6.386751174927
100517,1,4.786155700684
100518,2,5.374474525452
100519,1,3.312183141708
100520,2,5.310166358948
100521,1,1.371282815933
100522,2,2.565259933472
100523,1,2.974492549896
100524,2,3.770085573196
100525,1,5.674823284149
100526,2,3.395208358765
100527,1,4.521730899811
100528,2,5.100315093994
100529,1,5.133358955383
100530,2,2.827604293823
100531,1,6.391638755798
100532,2,5.213920593262
100533,1,6.2067527771
100534,2,5.921279907227
100535,1,2.423021793365
100536,2,4.763515472412
100537,1,6.291462898254
100538,2,5.819059371948
100539,1,3.429983615875
100540,2,6.026070594788
100541,1,6.352182388306
100542,2,4.86819934845
100543,1,3.724500894547
100544,2,4.274513721466
100545,1,3.363750934601
100546,2,2.573023796082
100547,1,6.109271526337
100548,2,4.166837215424
100549,1,5.725166320801
100550,2,6.213331699371
100551,1,4.834931850433
100552,2,3.348635911942
100553,1,3.571987628937
100554,2,3.916177272797
100555,1,4.954499721527
100556,2,3.880113124847
100557,1,1.852819442749
100558,2,4.538739681244
100559,1,4.001782894135
100560,2,5.397592544556
100561,1,3.934905052185
100562,2,4.856924533844
100563,1,3.897613048553
100564,2,6.192310333252
100565,1,3.22944021225
100566,2,2.305459022522
100567,1,3.401527404785
100568,2,4.025224208832
100569,1,6.000111579895
100570,2,3.468894004822
100571,1,5.871599197388
100572,2,3.899682044983
100573,1,4.755366325378
100574,2,4.639981746674
100575,1,4.567901611328
100576,2,5.036416053772
100577,1,4.485833644867
100578,2,4.137093067169
100579,1,3.092806816101
100580,2,5.026973724365
100581,1,2.878637552261
100582,2,1.427755713463
100583,1,3.943067789078
100584,2,3.84460067749
100585,1,1.912801265717
100586,2,5.746566295624
100587,1,5.868488311768
100588,2,5.690725326538
100589,1,4.269630432129
100590,2,2.116987705231
100591,1,5.246207237244
100592,2,4.074912071228
100593,1,4.043410301208
100594,2,5.704415798187
100595,1,5.995222091675
100596,2,4.461216449738
100597,1,5.092659473419
100598,2,5.967499732971
100599,1,2.107614994049
100600,2,5.729263305664
100601,1,4.106271743774
100602,2,3.240295410156
100603,1,3.708936452866
100604,2,5.065434455872
100605,1,2.759937763214
100606,2,5.167653560638
100607,1,5.523922920227
100608,2,5.349802017212
100609,1,2.950387954712
100610,2,6.065470695496
100611,1,3.585244178772
100612,2,4.240808010101
100613,1,3.290002346039
100614,2,4.591839790344
100615,1,5.287010192871
100616,2,5.788136482239
100617,1,4.834742069244
100618,2,3.920813798904
100619,1,5.729242324829
100620,2,6.478273868561
100621,1,4.133115291595
100622,2,5.06840467453
100623,1,3.152168273926
100624,2,4.915185451508
100625,1,5.421549320221
100626,2,5.119360923767
100627,1,5.257412433624
100628,2,3.020200967789
100629,1,4.410288333893
100630,2,4.074726581573
100631,1,4.59276008606
100632,2,3.3266685009
100633,1,5.709905147552
100634,2,4.309640407562
100635,1,5.392332553864
100636,2,5.233511924744
100637,1,5.339153766632
100638,2,4.809735298157
100639,1,6.326457977295
100640,2,6.276603221893
100641,1,5.569225311279
100642,2,3.614147186279
100643,1,2.799003839493
100644,2,3.640233516693
100645,1,4.880770206451
100646,2,1.59279859066
100647,1,4.572129249573
100648,2,2.821395397186
100649,1,3.547477722168
100650,2,6.252273082733
100651,1,5.303601741791
100652,2,3.845491409302
100653,1,3.49941778183
100654,2,4.761341571808
100655,1,4.700600624084
100656,2,4.728994369507
100657,1,6.218446731567
100658,2,5.34135723114
100659,1,4.115752220154
100660,2,5.425532341003
100661,1,4.941244125366
100662,2,2.700748920441
100663,1,4.10119342804
100664,2,4.057106494904
100665,1,2.614835739136
100666,2,5.84912443161
100667,1,4.986337184906
100668,2,3.410541296005
100669,1,3.178669691086
100670,2,3.780441999435
100671,1,4.34267282486
100672,2,4.515481472015
100673,1,5.331181526184
100674,2,3.8861951828
100675,1,4.856112480164
100676,2,3.410508871078
100677,1,3.63334274292
100678,2,4.665156841278
100679,1,3.111301660538
100680,2,4.870259284973
100681,1,2.799959897995
100682,2,8.229340553284
100683,1,4.026259422302
100684,2,4.076987266541
100685,1,2.980440139771
100686,2,4.214336395264
100687,1,3.756419897079
100688,2,4.346947669983
100689,1,3.078567028046
100690,2,4.565383434296
100691,1,5.884335517883
100692,2,4.09054517746
100693,1,2.852786064148
100694,2,4.667098045349
100695,1,2.834739685059
100696,2,3.617476701736
100697,1,4.750488758087
100698,2,4.905590057373
100699,1,3.124295473099
100700,2,4.796104431152
100701,1,7.13463973999
100702,2,8.51807975769
100703,1,3.727470874786
100704,2,4.197804450989
100705,1,3.909288883209
100706,2,3.902434825897
100707,1,4.608926296234
100708,2,4.073243141174
100709,1,4.479581832886
100710,2,4.653193950653
100711,1,2.432263612747
100712,2,3.9128947258
100713,1,4.057619094849
100714,2,1.771768212318
100715,1,5.100034236908
100716,2,5.756077289581
100717,1,3.787794351578
100718,2,5.418721199036
100719,1,5.660440444946
100720,2,3.565453052521
100721,1,3.340005397797
100722,2,3.750417947769
100723,1,5.146607875824
100724,2,6.45921087265
100725,1,4.445595264435
100726,2,4.064100265503
100727,1,3.377637386322
100728,2,5.690433502197
100729,1,3.702978610992
100730,2,5.295976638794
100731,1,5.798729896545
100732,2,4.971568584442
100733,1,1.715644240379
100734,2,2.756730556488
100735,1,3.424353122711
100736,2,4.872745990753
100737,1,6.34595489502
100738,2,3.476415634155
100739,1,3.421029567719
100740,2,4.909866333008
100741,1,2.70654630661
100742,2,4.663116931915
100743,1,4.447247982025
100744,2,2.792417049408
100745,1,3.668297052383
100746,2,4.944443702698
100747,1,2.466605901718
100748,2,3.469987869263
100749,1,3.886741876602
100750,2,4.823372364044
100751,1,2.091164827347
100752,2,2.846049785614
100753,1,3.52971124649
100754,2,4.944407463074
100755,1,3.970068454742
100756,2,4.945927143097
100757,1,4.760630130768
100758,2,3.201947450638
100759,1,4.240346908569
100760,2,0.059517383575
100761,1,0.661232471466
100762,2,4.970158576965
100763,1,4.365629196167
100764,2,4.738431453705
100765,1,5.840547561646
100766,2,5.208967685699
100767,1,5.452142238617
100768,2,4.477998733521
100769,1,5.393271923065
100770,2,4.459876060486
100771,1,3.40705704689
100772,2,3.483932733536
100773,1,4.842384338379
100774,2,4.748227596283
100775,1,3.82794713974
100776,2,5.360586643219
100777,1,3.930968284607
100778,2,5.313122749329
100779,1,2.350119113922
100780,2,1.967498421669
100781,1,5.314663887024
100782,2,3.615460157394
100783,1,3.470211744308
100784,2,5.470702171326
100785,1,7.678045272827
100786,2,4.822834968567
100787,1,5.002775192261
100788,2,3.939708471298
100789,1,3.31750202179
100790,2,4.221212863922
100791,1,5.700898170471
100792,2,2.174742698669
100793,1,5.655672073364
100794,2,3.116979122162
100795,1,4.655099391937
100796,2,4.827464103699
100797,1,3.813199281693
100798,2,4.289315700531
100799,1,5.760302066803
100800,2,6.284811496735
100801,1,3.824857950211
100802,2,4.597311973572
100803,1,4.099971294403
100804,2,3.592973470688
100805,1,3.267953872681
100806,2,4.951580524445
100807,1,4.747437477112
100808,2,6.20231628418
100809,1,4.142451286316
100810,2,3.798107862473
100811,1,2.888137340546
100812,2,6.682479858398
100813,1,3.441117525101
100814,2,2.65544462204
100815,1,6.035021305084
100816,2,6.459325313568
100817,1,5.455551624298
100818,2,2.795964241028
100819,1,2.714866399765
100820,2,2.219188451767
100821,1,3.465969085693
100822,2,4.739046096802
100823,1,4.865637779236
100824,2,3.840835809708
100825,1,4.078239440918
100826,2,4.846570968628
100827,1,5.156063556671
100828,2,5.165112018585
100829,1,3.395394802094
100830,2,2.845459222794
100831,1,3.828077316284
100832,2,3.750693798065
100833,1,4.74413394928
100834,2,3.729326725006
100835,1,4.889271259308
100836,2,3.313062429428
100837,1,3.391474246979
100838,2,4.160322189331
100839,1,3.764491319656
100840,2,5.958689689636
100841,1,3.088203430176
100842,2,3.939061403275
100843,1,4.833584308624
100844,2,3.499962568283
100845,1,3.80669927597
100846,2,3.262450456619
100847,1,3.119765758514
100848,2,6.201174736023
100849,1,3.277640581131
100850,2,6.48517370224
100851,1,4.328091621399
100852,2,4.403568744659
100853,1,3.855172872543
100854,2,5.998142719269
100855,1,2.883560180664
100856,2,4.473462104797
100857,1,5.170852184296
100858,2,5.449201583862
100859,1,2.101295948029
100860,2,4.135510921478
100861,1,3.973291397095
100862,2,5.682572364807
100863,1,3.270397663116
100864,2,3.536896705627
100865,1,3.826020717621
100866,2,1.80291056633
100867,1,3.158934831619
100868,2,3.848590373993
100869,1,2.847980499268
100870,2,4.741438865662
100871,1,2.5239777565
100872,2,6.071002006531
100873,1,4.731153964996
100874,2,4.113745212555
100875,1,3.489295721054
100876,2,4.494849681854
100877,1,5.425359725952
100878,2,3.320635318756
100879,1,4.325320243835
100880,2,3.171081542969
100881,1,4.267681598663
100882,2,5.66251707077
100883,1,3.495422840118
100884,2,4.671960830688
100885,1,3.879424333572
100886,2,5.017006874084
100887,1,3.76794219017
100888,2,4.481905460358
100889,1,5.218259811401
100890,2,3.532979726791
100891,1,3.979737758636
100892,2,5.559680938721
100893,1,5.731986999512
100894,2,3.871765613556
100895,1,4.601092815399
100896,2,3.766314268112
100897,1,2.315924167633
100898,2,1.776282787323
100899,1,3.648248672485
100900,2,3.805354118347
100901,1,3.661890029907
100902,2,3.647070169449
100903,1,6.072988510132
100904,2,5.580307483673
100905,1,5.608891963959
100906,2,2.777219295502
100907,1,6.205466270447
100908,2,2.948650836945
100909,1,5.25382566452
100910,2,5.088542938232
100911,1,4.744248390198
100912,2,3.949320316315
100913,1,2.66887140274
100914,2,2.773642063141
100915,1,5.020646095276
100916,2,2.716638565063
100917,1,3.070004940033
100918,2,3.80485868454
100919,1,3.553313493729
100920,2,5.055330276489
100921,1,2.778728961945
100922,2,3.433102369308
100923,1,3.522244930267
100924,2,3.466771125793
100925,1,5.674012184143
100926,2,2.911796569824
100927,1,5.119772434235
100928,2,5.348315238953
100929,1,3.572965621948
100930,2,4.687931537628
100931,1,4.573237895966
100932,2,5.348072052002
100933,1,4.189264297485
100934,2,3.158231735229
100935,1,6.0623960495
100936,2,4.959186553955
100937,1,3.678305864334
100938,2,4.770699977875
100939,1,1.866986036301
100940,2,1.983775258064
100941,1,5.372093677521
100942,2,2.93699669838
100943,1,3.171228647232
100944,2,3.352409362793
100945,1,4.344848632812
100946,2,4.900075435638
100947,1,4.214776515961
100948,2,4.883356571198
100949,1,5.499061584473
100950,2,4.142176628113
100951,1,5.39358997345
100952,2,4.559250354767
100953,1,5.34645986557
100954,2,5.588367462158
100955,1,3.838619232178
100956,2,5.716012954712
100957,1,4.955496311188
100958,2,4.668531894684
100959,1,4.706467151642
100960,2,4.387439250946
100961,1,3.9738240242
100962,2,6.661465644836
100963,1,6.929493427277
100964,2,5.436311721802
100965,1,5.245060920715
100966,2,4.885844707489
100967,1,4.608836650848
100968,2,5.799137592316
100969,1,5.334098815918
100970,2,7.7008228302
100971,1,4.140068054199
100972,2,4.9154920578
100973,1,4.281176567078
100974,2,4.777216911316
100975,1,5.186410903931
100976,2,5.82777929306
100977,1,4.198371887207
100978,2,7.171624183655
100979,1,3.659532785416
100980,2,1.768109917641
100981,1,3.41845202446
100982,2,3.78835439682
100983,1,5.242312431335
100984,2,5.326850891113
100985,1,3.896130561829
100986,2,4.031002521515
100987,1,5.627097129822
100988,2,4.193311214447
100989,1,2.895265579224
100990,2,6.095173835754
100991,1,4.282464027405
100992,2,3.480799674988
100993,1,5.014300346375
100994,2,4.394030094147
100995,1,4.040191650391
100996,2,4.237969875336
100997,1,4.039011478424
100998,2,4.992494106293
100999,1,3.6207716465
101000,2,3.383119106293
110001,1,3.89037322998
110002,2,4.730787754059
110003,1,3.542382478714
110004,2,5.149562835693
110005,1,3.798290967941
110006,2,6.743399620056
110007,1,5.352935791016
110008,2,6.807459831238
110009,1,5.648536682129
110010,2,6.200240135193
110011,1,4.02193403244
110012,2,5.158777713776
110013,1,4.783942699432
110014,2,5.67076253891
110015,1,4.656018257141
110016,2,6.613926887512
110017,1,6.627252101898
110018,2,3.814084529877
110019,1,4.490858078003
110020,2,3.868298053741
110021,1,4.903604030609
110022,2,6.844093322754
110023,1,4.061953544617
110024,2,7.232600688934
110025,1,7.607221603394
110026,2,6.883192062378
110027,1,8.050267219543
110028,2,5.671471118927
110029,1,5.129736423492
110030,2,5.445861816406
110031,1,6.460433483124
110032,2,2.877045631409
110033,1,4.434152603149
110034,2,4.887199878693
110035,1,5.010241031647
110036,2,6.17897605896
110037,1,5.759659767151
110038,2,4.302153110504
110039,1,5.658807277679
110040,2,6.202860832214
110041,1,6.720849990845
110042,2,5.971775054932
110043,1,3.653651237488
110044,2,3.841400384903
110045,1,5.70281791687
110046,2,5.10711145401
110047,1,5.669887542725
110048,2,7.883505821228
110049,1,4.435516357422
110050,2,5.42689704895
110051,1,4.249833106995
110052,2,5.130115509033
110053,1,4.381589412689
110054,2,3.726425409317
110055,1,5.113715171814
110056,2,3.393804550171
110057,1,4.14927148819
110058,2,4.7713098526
110059,1,5.897866725922
110060,2,4.942710876465
110061,1,3.354148387909
110062,2,5.815875053406
110063,1,4.413527011871
110064,2,4.563673496246
110065,1,6.721318244934
110066,2,5.48094367981
110067,1,2.940723657608
110068,2,4.480578422546
110069,1,4.687298297882
110070,2,4.811518669128
110071,1,4.226158618927
110072,2,4.330293178558
110073,1,5.096593856812
110074,2,4.005246162415
110075,1,5.704537391663
110076,2,5.411703586578
110077,1,1.806924581528
110078,2,4.910582542419
110079,1,4.466197967529
110080,2,7.188566207886
110081,1,4.913176059723
110082,2,4.768471240997
110083,1,4.176561355591
110084,2,4.308974742889
110085,1,5.726479053497
110086,2,4.589887619019
110087,1,5.54063129425
110088,2,3.278312683105
110089,1,5.349740505219
110090,2,5.0153632164
110091,1,5.2149477005
110092,2,6.204501152039
110093,1,4.063388347626
110094,2,5.804932594299
110095,1,4.942085266113
110096,2,5.149521827698
110097,1,3.638766050339
110098,2,3.623325109482
110099,1,3.359865665436
110100,2,5.820315361023
110101,1,4.959351539612
110102,2,3.377632379532
110103,1,2.935290336609
110104,2,6.50159072876
110105,1,4.983901977539
110106,2,4.366539955139
110107,1,5.121782779694
110108,2,6.125721931458
110109,1,1.404924869537
110110,2,4.461000919342
110111,1,5.879685401917
110112,2,5.047419071198
110113,1,7.324398994446
110114,2,4.868394374847
110115,1,5.401149749756
110116,2,4.091785430908
110117,1,5.161700725555
110118,2,6.557856082916
110119,1,6.0447306633
110120,2,6.536396026611
110121,1,5.258449077606
110122,2,6.203616142273
110123,1,4.223263263702
110124,2,5.661471366882
110125,1,6.316211700439
110126,2,5.393764019012
110127,1,6.443385601044
110128,2,5.180921077728
110129,1,3.363081455231
110130,2,5.151573181152
110131,1,3.984789133072
110132,2,4.156680583954
110133,1,6.487792015076
110134,2,4.384807109833
110135,1,4.624176025391
110136,2,5.863914012909
110137,1,5.655416488647
110138,2,5.824174880981
110139,1,5.850375652313
110140,2,5.741606235504
110141,1,4.802604675293
110142,2,4.279312133789
110143,1,4.210554122925
110144,2,4.066329479218
110145,1,4.904031276703
110146,2,5.766506195068
110147,1,6.532770633698
110148,2,4.457856178284
110149,1,4.930788040161
110150,2,7.179569721222
110151,1,3.655108690262
110152,2,4.880613327026
110153,1,6.772582530975
110154,2,5.380808830261
110155,1,3.366868019104
110156,2,5.826337337494
110157,1,4.91957950592
110158,2,3.406692028046
110159,1,5.805928230286
110160,2,5.264392852783
110161,1,7.265396118164
110162,2,4.751267433167
110163,1,4.713293552399
110164,2,5.22275018692
110165,1,5.211248874664
110166,2,5.905955314636
110167,1,5.660914421082
110168,2,5.040737628937
110169,1,4.832468986511
110170,2,7.129205226898
110171,1,6.218544960022
110172,2,4.82187128067
110173,1,3.513646602631
110174,2,4.931859016418
110175,1,6.008565425873
110176,2,6.013259887695
110177,1,3.931519031525
110178,2,5.925582885742
110179,1,7.402586936951
110180,2,5.132138729095
110181,1,4.00682592392
110182,2,4.213072299957
110183,1,6.279822826385
110184,2,6.297493457794
110185,1,3.455418109894
110186,2,3.553494215012
110187,1,6.570734024048
110188,2,6.036269187927
110189,1,7.691638469696
110190,2,4.992137908936
110191,1,6.329936981201
110192,2,1.921838521957
110193,1,3.933938026428
110194,2,6.39631319046
110195,1,2.286610603333
110196,2,3.326145410538
110197,1,4.56486749649
110198,2,6.99751663208
110199,1,2.616363525391
110200,2,5.100768566132
110201,1,4.942586898804
110202,2,6.196455001831
110203,1,4.867630004883
110204,2,6.193841457367
110205,1,7.692701339722
110206,2,4.146816253662
110207,1,4.819818496704
110208,2,3.007282972336
110209,1,2.613382101059
110210,2,6.37651014328
110211,1,3.172850131989
110212,2,3.948269844055
110213,1,4.952465057373
110214,2,4.255742073059
110215,1,3.915540218353
110216,2,6.237966537476
110217,1,9.048906326294
110218,2,6.160616874695
110219,1,5.229058265686
110220,2,5.921006202698
110221,1,6.052676200867
110222,2,4.322468757629
110223,1,6.392236709595
110224,2,6.317703723907
110225,1,5.093583583832
110226,2,5.992517471313
110227,1,5.797957897186
110228,2,6.833708763123
110229,1,6.683640480042
110230,2,5.32412481308
110231,1,4.144153118134
110232,2,4.811813354492
110233,1,5.37828874588
110234,2,4.787494659424
110235,1,4.992658138275
110236,2,4.745446681976
110237,1,5.075127601624
110238,2,6.497120380402
110239,1,2.858110427856
110240,2,5.725615501404
110241,1,5.186938762665
110242,2,5.197626113892
110243,1,3.214443683624
110244,2,4.383466720581
110245,1,4.741816520691
110246,2,6.812722206116
110247,1,3.13495349884
110248,2,6.018308639526
110249,1,6.954464912415
110250,2,6.404703140259
110251,1,4.594886302948
110252,2,4.141738414764
110253,1,4.749514102936
110254,2,5.250713825226
110255,1,3.508667707443
110256,2,6.086703777313
110257,1,5.439556121826
110258,2,5.397036075592
110259,1,3.882863998413
110260,2,3.369290351868
110261,1,6.519678115845
110262,2,5.23125743866
110263,1,4.01000213623
110264,2,4.203568935394
110265,1,4.814104557037
110266,2,5.669032096863
110267,1,2.844702720642
110268,2,5.37357378006
110269,1,5.652846813202
110270,2,4.738044261932
110271,1,5.512269020081
110272,2,7.040551185608
110273,1,6.206374168396
110274,2,7.703639984131
110275,1,4.17162322998
110276,2,4.737236499786
110277,1,6.393404960632
110278,2,5.21818447113
110279,1,5.113417625427
110280,2,6.262313842773
110281,1,4.177788734436
110282,2,4.673226833344
110283,1,4.935750484467
110284,2,5.791107654572
110285,1,5.36123085022
110286,2,4.391253948212
110287,1,6.018437862396
110288,2,3.052508831024
110289,1,5.872448444366
110290,2,5.076360225677
110291,1,3.889125823975
110292,2,5.685957431793
110293,1,5.20133972168
110294,2,3.525881767273
110295,1,5.203327178955
110296,2,3.063877344131
110297,1,4.418081760406
110298,2,4.820087432861
110299,1,6.950544834137
110300,2,5.254424571991
110301,1,3.670526504517
110302,2,5.137971401215
110303,1,5.513467788696
110304,2,5.067460536957
110305,1,4.648748397827
110306,2,4.650591373444
110307,1,3.006625175476
110308,2,5.199203968048
110309,1,7.328900337219
110310,2,6.700392246246
110311,1,3.963981151581
110312,2,6.195209026337
110313,1,5.118233203888
110314,2,4.095358848572
110315,1,5.978790283203
110316,2,3.381010293961
110317,1,4.32307767868
110318,2,5.741677284241
110319,1,5.545421600342
110320,2,5.058960914612
110321,1,5.821893215179
110322,2,4.793664932251
110323,1,3.822699546814
110324,2,3.940332889557
110325,1,3.588428735733
110326,2,4.345870494843
110327,1,4.897537231445
110328,2,3.411461830139
110329,1,4.718261241913
110330,2,7.908991336823
110331,1,4.993124961853
110332,2,4.690292358398
110333,1,4.02192735672
110334,2,4.554497241974
110335,1,5.378229141235
110336,2,3.63064956665
110337,1,5.137590885162
110338,2,3.757661819458
110339,1,4.625030994415
110340,2,5.256013870239
110341,1,5.26171875
110342,2,4.755310058594
110343,1,3.678763866425
110344,2,6.096389770508
110345,1,5.74142074585
110346,2,6.119167804718
110347,1,7.419852256775
110348,2,5.141660690308
110349,1,4.422770023346
110350,2,4.515056610107
110351,1,4.589955806732
110352,2,4.539688110352
110353,1,4.523504734039
110354,2,4.476453781128
110355,1,6.897246837616
110356,2,5.384187698364
110357,1,5.427044391632
110358,2,5.16481256485
110359,1,5.253970146179
110360,2,5.866758346558
110361,1,4.528831958771
110362,2,2.875987291336
110363,1,3.389039993286
110364,2,4.925220489502
110365,1,3.142814159393
110366,2,4.276292800903
110367,1,5.509333610535
110368,2,3.536254882812
110369,1,3.967569589615
110370,2,6.114284038544
110371,1,5.50232219696
110372,2,5.301067352295
110373,1,1.301119923592
110374,2,5.010506153107
110375,1,5.757046222687
110376,2,5.252618789673
110377,1,5.812804222107
110378,2,4.259647369385
110379,1,6.2557721138
110380,2,5.198031425476
110381,1,6.024092674255
110382,2,6.339068412781
110383,1,5.167824268341
110384,2,6.308526039124
110385,1,3.850551843643
110386,2,5.049116134644
110387,1,4.202220439911
110388,2,4.47357749939
110389,1,3.218183040619
110390,2,6.111241340637
110391,1,7.331755638123
110392,2,5.435321807861
110393,1,4.973298549652
110394,2,3.757724761963
110395,1,6.737644195557
110396,2,3.674659729004
110397,1,3.948916435242
110398,2,5.679770469666
110399,1,5.186634063721
110400,2,3.879971504211
110401,1,5.678764820099
110402,2,3.557049512863
110403,1,5.371804237366
110404,2,4.425906658173
110405,1,6.158351898193
110406,2,3.860598564148
110407,1,5.157696247101
110408,2,4.697061538696
110409,1,5.46001625061
110410,2,3.649014472961
110411,1,7.224752426147
110412,2,5.504086494446
110413,1,3.560893535614
110414,2,6.275233268738
110415,1,5.463784217834
110416,2,5.399334907532
110417,1,6.462309837341
110418,2,2.597718238831
110419,1,4.611090660095
110420,2,6.472999572754
110421,1,6.417828083038
110422,2,4.699305057526
110423,1,5.626386642456
110424,2,6.312563896179
110425,1,3.65561747551
110426,2,3.723890304565
110427,1,6.684223175049
110428,2,5.25074672699
110429,1,6.498501777649
110430,2,5.538774490356
110431,1,3.502328872681
110432,2,5.969165802002
110433,1,5.302266120911
110434,2,3.755776405334
110435,1,5.389850616455
110436,2,4.273067951202
110437,1,4.683579444885
110438,2,5.052833557129
110439,1,7.258230686188
110440,2,5.97162103653
110441,1,5.621840000153
110442,2,4.253325462341
110443,1,6.119410514832
110444,2,1.85858643055
110445,1,4.193408489227
110446,2,4.606929779053
110447,1,4.03244638443
110448,2,4.824656963348
110449,1,4.995862483978
110450,2,5.476153850555
110451,1,5.962072849274
110452,2,6.442333221436
110453,1,5.087140083313
110454,2,3.527037143707
110455,1,7.007567405701
110456,2,7.086590766907
110457,1,5.919503211975
110458,2,4.169278144836
110459,1,4.919078350067
110460,2,5.402609348297
110461,1,5.996364593506
110462,2,6.156292438507
110463,1,6.361293315887
110464,2,3.373152971268
110465,1,2.583463907242
110466,2,4.604814052582
110467,1,5.640400886536
110468,2,3.721481323242
110469,1,6.240895748138
110470,2,5.235870838165
110471,1,3.771111965179
110472,2,5.937711238861
110473,1,6.404878616333
110474,2,5.736201286316
110475,1,5.789458274841
110476,2,5.204173564911
110477,1,2.378986358643
110478,2,4.82120513916
110479,1,4.811092376709
110480,2,5.587236404419
110481,1,3.938045501709
110482,2,1.003155708313
110483,1,5.240743637085
110484,2,4.28329372406
110485,1,4.508953094482
110486,2,5.262257575989
110487,1,3.078016519547
110488,2,4.867695808411
110489,1,5.311336517334
110490,2,5.185230731964
110491,1,5.224447250366
110492,2,4.973506450653
110493,1,6.029489040375
110494,2,6.429235458374
110495,1,4.326417922974
110496,2,5.019012451172
110497,1,4.280233383179
110498,2,5.347681045532
110499,1,4.913019180298
110500,2,4.941494941711
110501,1,3.536358594894
110502,2,8.085824966431
110503,1,6.900165557861
110504,2,3.418344736099
110505,1,5.159156799316
110506,2,4.413358211517
110507,1,5.17634677887
110508,2,4.574139595032
110509,1,4.053101062775
110510,2,3.274035930634
110511,1,4.424172401428
110512,2,4.427533626556
110513,1,5.410903453827
110514,2,4.02748632431
110515,1,6.700912475586
110516,2,5.814538955688
110517,1,4.179879188538
110518,2,5.347175598145
110519,1,6.733785629272
110520,2,4.508353233337
110521,1,3.902031183243
110522,2,2.828874588013
110523,1,6.122006416321
110524,2,4.967533111572
110525,1,4.975395202637
110526,2,5.130683422089
110527,1,5.516552448273
110528,2,3.342275857925
110529,1,6.979366779327
110530,2,6.070157527924
110531,1,5.782890319824
110532,2,4.66223192215
110533,1,3.915832042694
110534,2,4.101013183594
110535,1,6.139908313751
110536,2,2.278614044189
110537,1,4.072995662689
110538,2,6.119289875031
110539,1,6.213877677917
110540,2,3.580372095108
110541,1,4.296990871429
110542,2,5.214700222015
110543,1,4.951495170593
110544,2,3.043191432953
110545,1,5.441288948059
110546,2,3.91894197464
110547,1,4.873570919037
110548,2,3.555029392242
110549,1,5.884799480438
110550,2,5.950302600861
110551,1,5.045990943909
110552,2,4.578922271729
110553,1,4.448316574097
110554,2,4.680313110352
110555,1,5.968421459198
110556,2,6.628234863281
110557,1,5.477766990662
110558,2,4.981615066528
110559,1,7.792757987976
110560,2,5.680510044098
110561,1,2.711889505386
110562,2,3.800703287125
110563,1,4.557930469513
110564,2,5.872776508331
110565,1,7.128418445587
110566,2,3.882623672485
110567,1,5.790419101715
110568,2,2.314876556396
110569,1,4.123308181763
110570,2,4.683444499969
110571,1,6.236571788788
110572,2,5.307422161102
110573,1,3.615252971649
110574,2,5.644530296326
110575,1,3.858726024628
110576,2,4.584637641907
110577,1,2.484247207642
110578,2,4.201570034027
110579,1,3.708853721619
110580,2,4.677828788757
110581,1,4.702432632446
110582,2,5.889019489288
110583,1,6.80778169632
110584,2,7.451125144958
110585,1,4.461068153381
110586,2,6.01344871521
110587,1,4.300824642181
110588,2,4.691236972809
110589,1,5.481416702271
110590,2,3.307262420654
110591,1,2.704324245453
110592,2,5.582281589508
110593,1,4.392171859741
110594,2,4.679890155792
110595,1,4.739080905914
110596,2,3.607882738113
110597,1,2.473128318787
110598,2,2.825122117996
110599,1,5.107676029205
110600,2,4.048732757568
110601,1,5.128446578979
110602,2,5.78635263443
110603,1,4.676320075989
110604,2,4.878811359406
110605,1,6.711781978607
110606,2,4.726334095001
110607,1,6.530516147614
110608,2,5.994740486145
110609,1,4.462159156799
110610,2,5.848469734192
110611,1,6.316294193268
110612,2,4.017262935638
110613,1,5.813724517822
110614,2,6.608574867249
110615,1,5.408367156982
110616,2,3.641414165497
110617,1,3.61736869812
110618,2,5.12104177475
110619,1,3.987318992615
110620,2,5.504711151123
110621,1,6.380676746368
110622,2,5.109049320221
110623,1,3.340896606445
110624,2,5.079747676849
110625,1,5.024772644043
110626,2,2.925154685974
110627,1,4.603911399841
110628,2,4.541701316833
110629,1,3.855050802231
110630,2,3.926793336868
110631,1,4.612570285797
110632,2,2.871649980545
110633,1,4.722902297974
110634,2,6.561022281647
110635,1,5.179734230042
110636,2,5.949325561523
110637,1,4.060370922089
110638,2,3.423655033112
110639,1,5.430661201477
110640,2,3.895933628082
110641,1,4.822472572327
110642,2,2.296082019806
110643,1,4.986866950989
110644,2,2.261185407639
110645,1,3.392696380615
110646,2,6.376812458038
110647,1,4.626813411713
110648,2,4.674066066742
110649,1,2.270096302032
110650,2,3.366530656815
110651,1,6.141494750977
110652,2,5.427959442139
110653,1,6.554110050201
110654,2,4.871136188507
110655,1,3.863424777985
110656,2,4.414113998413
110657,1,5.381405353546
110658,2,4.283638477325
110659,1,4.97389125824
110660,2,6.282715320587
110661,1,4.021090984344
110662,2,5.607977867126
110663,1,4.26370716095
110664,2,5.078125
110665,1,5.545036315918
110666,2,5.590456008911
110667,1,6.119876861572
110668,2,3.315204381943
110669,1,5.344475746155
110670,2,6.188676834106
110671,1,5.074773311615
110672,2,4.113471508026
110673,1,4.817371368408
110674,2,6.139929294586
110675,1,4.26204252243
110676,2,6.790842533112
110677,1,5.139431476593
110678,2,5.013606071472
110679,1,4.827489376068
110680,2,4.662425041199
110681,1,4.546154499054
110682,2,5.250670433044
110683,1,3.741979122162
110684,2,3.61199259758
110685,1,4.685496330261
110686,2,5.847376823425
110687,1,3.786630630493
110688,2,4.891170501709
110689,1,5.191383361816
110690,2,3.387505054474
110691,1,5.968134880066
110692,2,5.36874961853
110693,1,4.720677375793
110694,2,3.590988636017
110695,1,4.663306236267
110696,2,4.513087272644
110697,1,7.898392677307
110698,2,6.027505874634
110699,1,5.348028182983
110700,2,3.979475021362
110701,1,5.309824943542
110702,2,3.799973726273
110703,1,5.174397468567
110704,2,4.979841709137
110705,1,2.194977998734
110706,2,5.449110984802
110707,1,4.176846504211
110708,2,2.680975437164
110709,1,4.014707565308
110710,2,3.338383674622
110711,1,5.434485912323
110712,2,3.961680412292
110713,1,6.053426265717
110714,2,4.393593788147
110715,1,4.116268157959
110716,2,4.336310386658
110717,1,3.655923604965
110718,2,3.837563514709
110719,1,5.808611869812
110720,2,6.309668064117
110721,1,5.391919136047
110722,2,5.894477367401
110723,1,6.883487701416
110724,2,6.596731185913
110725,1,7.23505115509
110726,2,5.022226810455
110727,1,4.841293334961
110728,2,5.647285461426
110729,1,5.650606632233
110730,2,4.554756164551
110731,1,5.073394775391
110732,2,6.476900100708
110733,1,5.31632900238
110734,2,4.084336280823
110735,1,6.516822814941
110736,2,4.153635025024
110737,1,3.768456935883
110738,2,3.691472768784
110739,1,4.898243904114
110740,2,3.46674990654
110741,1,5.487972736359
110742,2,6.566954135895
110743,1,6.060064792633
110744,2,3.943192243576
110745,1,4.521811962128
110746,2,4.94658946991
110747,1,1.387471437454
110748,2,5.735637187958
110749,1,4.113279342651
110750,2,5.184230804443
110751,1,3.180213928223
110752,2,5.412971496582
110753,1,5.455424785614
110754,2,3.921116828918
110755,1,5.673429489136
110756,2,3.498734474182
110757,1,4.698637485504
110758,2,5.625370025635
110759,1,5.873138427734
110760,2,6.182155132294
110761,1,5.005424976349
110762,2,7.055896759033
110763,1,6.487447738647
110764,2,5.808706760406
110765,1,4.183524131775
110766,2,3.899157047272
110767,1,4.142679691315
110768,2,3.321813821793
110769,1,4.639896392822
110770,2,2.284493923187
110771,1,5.792729377747
110772,2,4.799790382385
110773,1,4.404692649841
110774,2,3.49440908432
110775,1,5.476748943329
110776,2,4.569190979004
110777,1,6.583477497101
110778,2,9.003151893616
110779,1,3.311982154846
110780,2,5.52788734436
110781,1,5.288770675659
110782,2,7.329424858093
110783,1,6.637823581696
110784,2,4.700472831726
110785,1,5.570536613464
110786,2,4.193542003632
110787,1,3.93389081955
110788,2,4.699203014374
110789,1,5.050129890442
110790,2,2.013305664062
110791,1,3.867350816727
110792,2,6.67217206955
110793,1,5.874011039734
110794,2,6.574956893921
110795,1,4.642575740814
110796,2,3.925511837006
110797,1,5.312641620636
110798,2,6.959118366241
110799,1,3.681295394897
110800,2,4.642037391663
110801,1,5.560168266296
110802,2,5.147019863129
110803,1,6.173076629639
110804,2,5.464755058289
110805,1,6.095993041992
110806,2,6.914313793182
110807,1,3.756736755371
110808,2,3.997304677963
110809,1,6.478059768677
110810,2,5.346399784088
110811,1,3.867936134338
110812,2,4.989545345306
110813,1,3.854058742523
110814,2,6.253572463989
110815,1,5.229733943939
110816,2,3.084788322449
110817,1,4.031265258789
110818,2,3.85172700882
110819,1,2.283387422562
110820,2,4.237646579742
110821,1,3.6637840271
110822,2,6.225605010986
110823,1,4.714351177216
110824,2,3.016495943069
110825,1,1.901835203171
110826,2,3.728681564331
110827,1,5.312278747559
110828,2,4.18487739563
110829,1,2.891188621521
110830,2,4.641550064087
110831,1,4.705246448517
110832,2,4.234308719635
110833,1,3.740999698639
110834,2,3.834493160248
110835,1,4.006061553955
110836,2,5.179579257965
110837,1,3.790055990219
110838,2,4.756300926208
110839,1,5.753379821777
110840,2,3.56834936142
110841,1,5.595238208771
110842,2,4.177857398987
110843,1,5.30864572525
110844,2,3.698524236679
110845,1,5.203876495361
110846,2,7.060314655304
110847,1,5.040263175964
110848,2,5.266401767731
110849,1,3.166685581207
110850,2,6.410397529602
110851,1,3.657136440277
110852,2,4.991550445557
110853,1,6.180388450623
110854,2,1.664813756943
110855,1,4.397526741028
110856,2,3.714888095856
110857,1,4.204400539398
110858,2,2.959740638733
110859,1,4.909529685974
110860,2,5.707688331604
110861,1,2.953805208206
110862,2,3.81113243103
110863,1,4.589877128601
110864,2,3.656004428864
110865,1,4.974717617035
110866,2,5.252581596375
110867,1,3.819961309433
110868,2,3.017697572708
110869,1,5.550394058228
110870,2,5.580135822296
110871,1,5.12229013443
110872,2,4.758201122284
110873,1,4.237724304199
110874,2,6.011009216309
110875,1,5.31241941452
110876,2,3.839218616486
110877,1,5.611522674561
110878,2,4.431384086609
110879,1,4.634759426117
110880,2,4.050665855408
110881,1,4.585976600647
110882,2,5.724385738373
110883,1,4.947107791901
110884,2,4.856804847717
110885,1,5.015002250671
110886,2,6.019150733948
110887,1,2.196235179901
110888,2,3.086670637131
110889,1,5.528610706329
110890,2,3.205559015274
110891,1,6.529438972473
110892,2,3.29972577095
110893,1,2.653039455414
110894,2,3.534411668777
110895,1,3.741327762604
110896,2,5.341588020325
110897,1,5.855671882629
110898,2,4.607197284698
110899,1,6.72971534729
110900,2,3.762967586517
110901,1,5.0588555336
110902,2,6.695398330688
110903,1,3.230000019073
110904,2,5.27542257309
110905,1,4.134686946869
110906,2,4.889787197113
110907,1,5.244713783264
110908,2,4.657180309296
110909,1,4.120501041412
110910,2,3.156920433044
110911,1,5.9572930336
110912,2,5.150015830994
110913,1,6.929657936096
110914,2,4.38734292984
110915,1,3.931497097015
110916,2,6.0090675354
110917,1,3.474218845367
110918,2,6.063959121704
110919,1,7.657879829407
110920,2,4.404348373413
110921,1,4.131841182709
110922,2,5.801755905151
110923,1,3.927869796753
110924,2,4.369478225708
110925,1,6.492206096649
110926,2,4.297103881836
110927,1,5.313498020172
110928,2,5.041093349457
110929,1,5.459753036499
110930,2,4.370841026306
110931,1,6.154899120331
110932,2,4.807458400726
110933,1,2.929561853409
110934,2,4.687500953674
110935,1,5.630954265594
110936,2,5.655515670776
110937,1,6.178045272827
110938,2,4.355555534363
110939,1,4.869708538055
110940,2,4.185354232788
110941,1,3.958019733429
110942,2,6.865549564362
110943,1,2.704541444778
110944,2,3.706788063049
110945,1,4.318652153015
110946,2,4.212430477142
110947,1,3.840353488922
110948,2,5.766085624695
110949,1,6.633912563324
110950,2,4.771958827972
110951,1,4.57090139389
110952,2,5.372351169586
110953,1,4.719505786896
110954,2,6.938374042511
110955,1,5.464929103851
110956,2,3.917404413223
110957,1,4.939518928528
110958,2,3.303307533264
110959,1,6.291193962097
110960,2,4.459676265717
110961,1,4.021821975708
110962,2,3.449816465378
110963,1,6.440625667572
110964,2,6.286748886108
110965,1,5.577506065369
110966,2,5.995277404785
110967,1,6.98716878891
110968,2,4.303158760071
110969,1,6.197148323059
110970,2,3.049767971039
110971,1,3.006859540939
110972,2,6.179928302765
110973,1,5.378634929657
110974,2,4.135258674622
110975,1,4.010193347931
110976,2,5.420647144318
110977,1,4.822173118591
110978,2,4.526034832001
110979,1,7.199211597443
110980,2,5.112678527832
110981,1,3.132174253464
110982,2,5.400615215302
110983,1,5.229307174683
110984,2,2.518299102783
110985,1,4.503008842468
110986,2,5.160281658173
110987,1,5.409195899963
110988,2,3.6488904953
110989,1,3.394928216934
110990,2,3.967233896255
110991,1,4.223286628723
110992,2,5.013320446014
110993,1,4.543387889862
110994,2,7.1463098526
110995,1,1.97320497036
110996,2,6.016795158386
110997,1,4.904633045197
110998,2,6.510042190552
110999,1,4.130096912384
111000,2,6.866296768188
